3.912363067292645E-4	-31.208279999999995
7.82472613458529E-4	-22.663518518518526
0.0011737089201877935	-21.926656804733717
0.001564945226917058	-21.25587537091988
0.0019561815336463224	-19.836898839137653
0.002347417840375587	-18.614000000000008
0.0027386541471048514	-18.430436893203876
0.003129890453834116	-18.044879120879116
0.0035211267605633804	-17.720131004366813
0.003912363067292645	-17.549621052631583
0.004303599374021909	-17.546537313432836
0.004694835680751174	-17.134258823529414
0.005086071987480438	-17.01501554862552
0.005477308294209703	-16.03895220588236
0.005868544600938967	-15.600940649496076
0.006259780907668232	-15.593850267379683
0.006651017214397496	-15.53316293929712
0.007042253521126761	-15.122336874051593
0.007433489827856025	-14.942964509394566
0.00782472613458529	-14.916127864897454
0.008215962441314555	-14.789259624876614
0.008607198748043818	-14.720402930402937
0.008998435054773083	-14.626149068322986
0.009389671361502348	-14.426886827842697
0.009780907668231613	-14.367477360931444
0.010172143974960876	-14.008893805309722
0.01056338028169014	-13.394749221235516
0.010954616588419406	-13.377795566502455
0.01134585289514867	-13.332064777327943
0.011737089201877934	-13.300141752577312
0.012128325508607199	-13.024822485207102
0.012519561815336464	-12.976892857142861
0.012910798122065728	-12.95614705882353
0.013302034428794992	-12.880800865800873
0.013693270735524257	-12.765734024179624
0.014084507042253521	-12.72278820375335
0.014475743348982786	-12.703284916201115
0.01486697965571205	-12.675882818685677
0.015258215962441314	-12.61783157176951
0.01564945226917058	-12.560511363636367
0.016040688575899843	-12.48198443579766
0.01643192488262911	-12.396023166023156
0.016823161189358372	-12.249594137542271
0.017214397496087636	-12.11209090909091
0.017605633802816902	-12.098132295719834
0.017996870109546165	-12.04556348074179
0.018388106416275432	-12.02057197372208
0.018779342723004695	-11.813154269972454
0.01917057902973396	-11.788647147202596
0.019561815336463225	-11.751070287539928
0.01995305164319249	-11.318397212543546
0.02034428794992175	-11.298464908589773
0.020735524256651018	-11.215279069767435
0.02112676056338028	-11.118404255319154
0.021517996870109544	-11.07268068331143
0.02190923317683881	-11.006481481481483
0.022300469483568074	-10.974668989547045
0.02269170579029734	-10.732377622377633
0.023082942097026604	-10.717050505050505
0.023474178403755867	-10.631854838709677
0.023865414710485134	-10.417085624509037
0.024256651017214397	-10.406390374331556
0.02464788732394366	-10.368450390189535
0.025039123630672927	-10.357449275362319
0.02543035993740219	-10.2595566502463
0.025821596244131457	-10.219064039408854
0.02621283255086072	-10.15830357142857
0.026604068857589983	-9.92855072463769
0.02699530516431925	-9.916526610644253
0.027386541471048513	-9.912339622641511
0.027777777777777776	-9.910816115702483
0.028169014084507043	-9.866858497332666
0.028560250391236306	-9.856622754491017
0.028951486697965573	-9.689766323024063
0.029342723004694836	-9.618405916187346
0.0297339593114241	-9.551587152094395
0.030125195618153366	-9.542067137809184
0.03051643192488263	-9.540784132841333
0.030907668231611892	-9.453347208531643
0.03129890453834116	-9.449968421052638
0.03169014084507042	-9.37561952440551
0.032081377151799685	-9.295234899328854
0.03247261345852895	-9.195787923416784
0.03286384976525822	-9.185294825511441
0.03325508607198748	-9.179648390995986
0.033646322378716745	-9.037294372294374
0.03403755868544601	-9.026227872545869
0.03442879499217527	-9.023067036260366
0.03482003129890454	-9.01016470588235
0.035211267605633804	-8.966312443233418
0.03560250391236307	-8.96421140939597
0.03599374021909233	-8.922335135135144
0.036384976525821594	-8.736770926946004
0.036776212832550864	-8.693171521035591
0.03716744913928013	-8.642684804928132
0.03755868544600939	-8.631386138613864
0.037949921752738654	-8.568567073170728
0.03834115805946792	-8.533543689320387
0.03873239436619718	-8.500667094291208
0.03912363067292645	-8.396717687074826
0.03951486697965571	-8.3802570093458
0.03990610328638498	-8.355029585798816
0.04029733959311424	-8.293086482902787
0.0406885758998435	-8.292921440261873
0.04107981220657277	-8.257290715372909
0.041471048513302036	-8.24960232558139
0.0418622848200313	-8.232842377260987
0.04225352112676056	-8.214599072233266
0.042644757433489826	-8.132474999999994
0.04303599374021909	-8.13246875000001
0.04342723004694836	-8.128467966573805
0.04381846635367762	-8.081694117647064
0.044209702660406885	-8.04875000000001
0.04460093896713615	-7.990192307692304
0.04499217527386541	-7.982226890756296
0.04538341158059468	-7.981354705274037
0.045774647887323945	-7.979283819628648
0.04616588419405321	-7.974963503649625
0.04655712050078247	-7.9596029776675
0.046948356807511735	-7.926950819672143
0.047339593114241005	-7.861837183718376
0.04773082942097027	-7.84369620253165
0.04812206572769953	-7.804018691588794
0.048513302034428794	-7.7880998080614185
0.04890453834115806	-7.765131810193326
0.04929577464788732	-7.704016949152545
0.04968701095461659	-7.6773167539266955
0.050078247261345854	-7.623212851405616
0.05046948356807512	-7.592553672316388
0.05086071987480438	-7.583172727272728
0.051251956181533644	-7.549120287253149
0.051643192488262914	-7.547538461538456
0.05203442879499218	-7.541286008230467
0.05242566510172144	-7.408589724064354
0.0528169014084507	-7.34840879689522
0.053208137715179966	-7.347249240121584
0.05359937402190924	-7.3184341637010695
0.0539906103286385	-7.303701428745944
0.05438184663536776	-7.239850746268665
0.054773082942097026	-7.225235732009931
0.05516431924882629	-7.214090909090904
0.05555555555555555	-7.207625000000009
0.05594679186228482	-7.198278052223012
0.056338028169014086	-7.169149519890255
0.05672926447574335	-7.159809415184176
0.05712050078247261	-7.158515715978275
0.057511737089201875	-7.153212669683255
0.057902973395931145	-7.134332247556993
0.05829420970266041	-7.123439425051335
0.05868544600938967	-7.063590733590733
0.059076682316118935	-7.002578334825422
0.0594679186228482	-6.9829579698651765
0.05985915492957746	-6.943848797250869
0.06025039123630673	-6.93726537216828
0.060641627543035995	-6.934254716981125
0.06103286384976526	-6.929771359807463
0.06142410015649452	-6.9294601542416485
0.061815336463223784	-6.92000467432209
0.062206572769953054	-6.902034632034634
0.06259780907668232	-6.859726027397259
0.06298904538341157	-6.852669322709164
0.06338028169014084	-6.830841503267976
0.06377151799687011	-6.819168443496817
0.06416275430359937	-6.78478991596639
0.06455399061032864	-6.7802747218300246
0.0649452269170579	-6.725321589512492
0.06533646322378717	-6.712910532276337
0.06572769953051644	-6.703372093023264
0.0661189358372457	-6.689945872801078
0.06651017214397496	-6.635110605036052
0.06690140845070422	-6.61530898876404
0.06729264475743349	-6.60578246392897
0.06768388106416276	-6.594152823920255
0.06807511737089202	-6.562147083685541
0.06846635367762129	-6.552858582465572
0.06885758998435054	-6.547281279397929
0.06924882629107981	-6.542399999999997
0.06964006259780908	-6.519086826347296
0.07003129890453834	-6.515656652360515
0.07042253521126761	-6.506024057436642
0.07081377151799687	-6.4695792426367404
0.07120500782472614	-6.462249173098127
0.0715962441314554	-6.455517108804315
0.07198748043818466	-6.400018281535639
0.07237871674491393	-6.373681268601533
0.07276995305164319	-6.348238841978278
0.07316118935837246	-6.341280632411071
0.07355242566510173	-6.33620938628159
0.07394366197183098	-6.327225225225215
0.07433489827856025	-6.315316483516484
0.07472613458528951	-6.291018363939904
0.07511737089201878	-6.255070576127557
0.07550860719874804	-6.252142857142864
0.07589984350547731	-6.228585164835174
0.07629107981220658	-6.224764705882357
0.07668231611893583	-6.186078431372544
0.0770735524256651	-6.186078431372541
0.07746478873239436	-6.170325732899011
0.07785602503912363	-6.165097613882869
0.0782472613458529	-6.147390196078427
0.07863849765258216	-6.127263513513528
0.07902973395931143	-6.112709359605914
0.07942097026604068	-6.07289893617021
0.07981220657276995	-6.072362122788756
0.08020344287949922	-6.055589478745848
0.08059467918622848	-6.051310250855227
0.08098591549295775	-6.047904761904763
0.081377151799687	-6.0280270956816375
0.08176838810641628	-6.000471380471383
0.08215962441314555	-5.992647058823531
0.0825508607198748	-5.992635294117649
0.08294209702660407	-5.98528042328043
0.08333333333333333	-5.977410881801132
0.0837245696400626	-5.971729729729734
0.08411580594679187	-5.951511194029853
0.08450704225352113	-5.928987341772151
0.0848982785602504	-5.920965250965255
0.08528951486697965	-5.897657572906878
0.08568075117370892	-5.887853492333899
0.08607198748043818	-5.868606870229016
0.08646322378716745	-5.85714890016921
0.08685446009389672	-5.841428571428578
0.08724569640062597	-5.825342741935479
0.08763693270735524	-5.822772020725382
0.0880281690140845	-5.806844552931771
0.08841940532081377	-5.8020036101083114
0.08881064162754304	-5.797636612021861
0.0892018779342723	-5.7799696601941735
0.08959311424100157	-5.77359749739311
0.08998435054773082	-5.764161073825507
0.0903755868544601	-5.7614837398373915
0.09076682316118936	-5.75428571428572
0.09115805946791862	-5.744838709677418
0.09154929577464789	-5.734743914655089
0.09194053208137715	-5.714168900804287
0.09233176838810642	-5.711663157894733
0.09272300469483569	-5.704928989642869
0.09311424100156494	-5.692108495394053
0.09350547730829421	-5.688626694984921
0.09389671361502347	-5.670729927007308
0.09428794992175274	-5.666218750000008
0.09467918622848201	-5.6628688524590265
0.09507042253521127	-5.654577268369375
0.09546165884194054	-5.652323308270675
0.09585289514866979	-5.6345228571428505
0.09624413145539906	-5.629486568560049
0.09663536776212832	-5.610913621262458
0.09702660406885759	-5.587635820895521
0.09741784037558686	-5.5726653696498
0.09780907668231612	-5.557426470588238
0.09820031298904539	-5.541307189542493
0.09859154929577464	-5.541307189542484
0.09898278560250391	-5.530381355932194
0.09937402190923318	-5.5286466942148795
0.09976525821596244	-5.521158088235294
0.10015649452269171	-5.515522222222222
0.10054773082942096	-5.504718058529616
0.10093896713615023	-5.493545336419852
0.1013302034428795	-5.493070866141735
0.10172143974960876	-5.492085357390703
0.10211267605633803	-5.482418345856289
0.10250391236306729	-5.477091633466127
0.10289514866979656	-5.465005213764336
0.10328638497652583	-5.460715686274495
0.10367762128325508	-5.441774193548386
0.10406885758998435	-5.4202554973821995
0.10446009389671361	-5.404060745278205
0.10485133020344288	-5.369689991142599
0.10524256651017215	-5.366577608142496
0.1056338028169014	-5.3411883691529765
0.10602503912363068	-5.336150392817055
0.10641627543035993	-5.3246762589928105
0.1068075117370892	-5.302147822779968
0.10719874804381847	-5.2920194306270245
0.10758998435054773	-5.270305880358996
0.107981220657277	-5.207575757575763
0.10837245696400626	-5.206319218241044
0.10876369327073553	-5.20381222896811
0.10915492957746478	-5.197963163596972
0.10954616588419405	-5.189853364552856
0.10993740219092332	-5.188832684824905
0.11032863849765258	-5.180910709949408
0.11071987480438185	-5.172527675276744
0.1111111111111111	-5.172082324455209
0.11150234741784038	-5.159069003285877
0.11189358372456965	-5.148581818181818
0.1122848200312989	-5.144534412955474
0.11267605633802817	-5.14315865909175
0.11306729264475743	-5.14105215004574
0.1134585289514867	-5.140392230507027
0.11384976525821597	-5.136858585858589
0.11424100156494522	-5.13130662020906
0.1146322378716745	-5.129980842911876
0.11502347417840375	-5.11618257261411
0.11541471048513302	-5.115565579458704
0.11580594679186229	-5.106282194848815
0.11619718309859155	-5.099774306695966
0.11658841940532082	-5.088505660900686
0.11697965571205007	-5.0855922330097085
0.11737089201877934	-5.0837703105543035
0.11776212832550861	-5.072933008668095
0.11815336463223787	-5.0698852459016335
0.11854460093896714	-5.069246031746031
0.1189358372456964	-5.064900921919703
0.11932707355242567	-5.0567962451195925
0.11971830985915492	-5.046314542019266
0.12010954616588419	-5.038144192256341
0.12050078247261346	-5.016340090090092
0.12089201877934272	-5.004006734006736
0.12128325508607199	-5.003033891927761
0.12167449139280125	-4.99933673469388
0.12206572769953052	-4.997717110920041
0.12245696400625979	-4.996693306693303
0.12284820031298904	-4.988451063829786
0.12323943661971831	-4.98716589861751
0.12363067292644757	-4.980281385281395
0.12402190923317684	-4.978152276597682
0.12441314553990611	-4.977132352941184
0.12480438184663536	-4.975479674796745
0.12519561815336464	-4.973505843071791
0.1255868544600939	-4.970489296636089
0.12597809076682315	-4.968107400130977
0.12636932707355242	-4.966790426345838
0.1267605633802817	-4.962830985915483
0.12715179968701096	-4.958181990880604
0.12754303599374023	-4.941865868263473
0.12793427230046947	-4.941413276231258
0.12832550860719874	-4.939986522911047
0.128716744913928	-4.927609302375268
0.12910798122065728	-4.920495238095243
0.12949921752738655	-4.914425806451619
0.1298904538341158	-4.9005365840391395
0.13028169014084506	-4.897258426966305
0.13067292644757433	-4.89584864864865
0.1310641627543036	-4.873520408163263
0.13145539906103287	-4.866534653465342
0.13184663536776212	-4.86305637982196
0.1322378716744914	-4.862439790575921
0.13262910798122066	-4.860904669202871
0.13302034428794993	-4.859033190332317
0.1334115805946792	-4.84133561643836
0.13380281690140844	-4.8393065187239905
0.1341940532081377	-4.832058823529404
0.13458528951486698	-4.82082673702725
0.13497652582159625	-4.816129668519978
0.13536776212832552	-4.789084967320266
0.13575899843505476	-4.777871878393051
0.13615023474178403	-4.76574453781512
0.1365414710485133	-4.7627358490566145
0.13693270735524257	-4.761081232513606
0.13732394366197184	-4.756214549938342
0.13771517996870108	-4.752034482758615
0.13810641627543035	-4.747519710347032
0.13849765258215962	-4.745131578947385
0.1388888888888889	-4.73854343663991
0.13928012519561817	-4.738262626262637
0.1396713615023474	-4.737072232903042
0.14006259780907668	-4.732578571428564
0.14045383411580595	-4.729447802347487
0.14084507042253522	-4.7155555555555475
0.1412363067292645	-4.709907120743037
0.14162754303599373	-4.703838526912171
0.142018779342723	-4.70353070175437
0.14241001564945227	-4.696003434012611
0.14280125195618154	-4.6880827067669255
0.1431924882629108	-4.685165094339634
0.14358372456964005	-4.670240384615392
0.14397496087636932	-4.652295411737859
0.1443661971830986	-4.638634343434341
0.14475743348982786	-4.638629629629637
0.14514866979655713	-4.609658590308368
0.14553990610328638	-4.607802596661175
0.14593114241001565	-4.606859903381643
0.14632237871674492	-4.603931398416884
0.1467136150234742	-4.592300469483564
0.14710485133020346	-4.589151846785219
0.1474960876369327	-4.578836363636363
0.14788732394366197	-4.573298114200835
0.14827856025039124	-4.5715102040816475
0.1486697965571205	-4.570824742268048
0.14906103286384975	-4.565094684449531
0.14945226917057902	-4.563371478873228
0.1498435054773083	-4.557382964889468
0.15023474178403756	-4.547287037037049
0.15062597809076683	-4.542847896440129
0.15101721439749607	-4.541121538604935
0.15140845070422534	-4.507720530835285
0.15179968701095461	-4.507100000000008
0.15219092331768388	-4.503946053946047
0.15258215962441316	-4.502163883327934
0.1529733959311424	-4.498687943262402
0.15336463223787167	-4.492894736842102
0.15375586854460094	-4.48122286749946
0.1541471048513302	-4.480328227571113
0.15453834115805948	-4.476096324461339
0.15492957746478872	-4.460900900900911
0.155320813771518	-4.4587396095109195
0.15571205007824726	-4.437704918032785
0.15610328638497653	-4.4305166906955
0.1564945226917058	-4.427095516569195
0.15688575899843504	-4.421649525519281
0.1572769953051643	-4.398469101123603
0.15766823161189358	-4.3807222222222215
0.15805946791862285	-4.37984644913627
0.15845070422535212	-4.369664677062554
0.15884194053208137	-4.355523178807945
0.15923317683881064	-4.349794092451041
0.1596244131455399	-4.339696969696978
0.16001564945226918	-4.339685746352413
0.16040688575899845	-4.333082595870211
0.1607981220657277	-4.331243478260877
0.16118935837245696	-4.324673366834168
0.16158059467918623	-4.303892215568857
0.1619718309859155	-4.302181467181462
0.16236306729264477	-4.296030649011065
0.162754303599374	-4.284126394052044
0.16314553990610328	-4.2763559322033915
0.16353677621283255	-4.262472324723246
0.16392801251956182	-4.259973737373744
0.1643192488262911	-4.257465618860514
0.16471048513302033	-4.249949968730459
0.1651017214397496	-4.249265341400175
0.16549295774647887	-4.248354876615745
0.16588419405320814	-4.2437354731599415
0.16627543035993742	-4.236790017211701
0.16666666666666666	-4.233436018957354
0.16705790297339593	-4.2166424535916045
0.1674491392801252	-4.20972222222222
0.16784037558685447	-4.199153794492948
0.16823161189358374	-4.194268184298931
0.16862284820031298	-4.193858093126377
0.16901408450704225	-4.192125401346599
0.16940532081377152	-4.189154676258986
0.1697965571205008	-4.181302428256071
0.17018779342723006	-4.177850318471346
0.1705790297339593	-4.175376443418014
0.17097026604068857	-4.174247932280612
0.17136150234741784	-4.168881205539139
0.1717527386541471	-4.168871428571424
0.17214397496087636	-4.168857142857148
0.17253521126760563	-4.168857142857148
0.1729264475743349	-4.168857142857148
0.17331768388106417	-4.16635147190009
0.17370892018779344	-4.164639639639647
0.17410015649452268	-4.160448124293869
0.17449139280125195	-4.155872405841652
0.17488262910798122	-4.154732441471579
0.1752738654147105	-4.140169683257911
0.17566510172143976	-4.136096345514943
0.176056338028169	-4.133542319749219
0.17644757433489827	-4.132929062323392
0.17683881064162754	-4.1326315789473735
0.1772300469483568	-4.121372391653299
0.17762128325508608	-4.11616822429907
0.17801251956181532	-4.109710429447848
0.1784037558685446	-4.103028336577967
0.17879499217527386	-4.102118421052631
0.17918622848200313	-4.100729107024185
0.1795774647887324	-4.100278761061952
0.17996870109546165	-4.091162074606068
0.18035993740219092	-4.0754143646408885
0.1807511737089202	-4.068339283230533
0.18114241001564946	-4.061606765327698
0.18153364632237873	-4.05833986928105
0.18192488262910797	-4.058333333333332
0.18231611893583724	-4.056488397622904
0.1827073552425665	-4.051422860203738
0.18309859154929578	-4.050200000000004
0.18348982785602505	-4.047753906250007
0.1838810641627543	-4.045646630236797
0.18427230046948356	-4.032463404906561
0.18466353677621283	-4.02794285714285
0.1850547730829421	-4.0173953181668285
0.18544600938967137	-4.016516216216219
0.18583724569640062	-4.006261538461535
0.18622848200312989	-4.002177419354846
0.18661971830985916	-3.994523711340212
0.18701095461658843	-3.9942574692442974
0.1874021909233177	-3.992708333333327
0.18779342723004694	-3.9912701270411466
0.1881846635367762	-3.9902627920022673
0.18857589984350548	-3.9872527929712285
0.18896713615023475	-3.987169811320755
0.18935837245696402	-3.9746067729983867
0.18974960876369326	-3.9678854076332724
0.19014084507042253	-3.9660227272727355
0.1905320813771518	-3.9641805691854763
0.19092331768388107	-3.958460342146187
0.19131455399061034	-3.9561509433962265
0.19170579029733958	-3.9523050458715714
0.19209702660406885	-3.9427662517289184
0.19248826291079812	-3.9372035271660812
0.1928794992175274	-3.9366292134831458
0.19327073552425664	-3.9362718446601925
0.1936619718309859	-3.9248977816441926
0.19405320813771518	-3.919562717765156
0.19444444444444445	-3.9156094729510107
0.19483568075117372	-3.9151999999999987
0.19522691705790296	-3.9096108490566106
0.19561815336463223	-3.907979161618623
0.1960093896713615	-3.90616762964616
0.19640062597809077	-3.901594827586196
0.19679186228482004	-3.901421557166241
0.19718309859154928	-3.9001545783865597
0.19757433489827855	-3.9001454779260416
0.19796557120500782	-3.8992748821067473
0.1983568075117371	-3.8975412883092564
0.19874804381846636	-3.8930639696414406
0.1991392801251956	-3.8920033459582357
0.19953051643192488	-3.885700934579437
0.19992175273865415	-3.8833951497860184
0.20031298904538342	-3.8717917293335438
0.2007042253521127	-3.8665533028122847
0.20109546165884193	-3.866105100463672
0.2014866979655712	-3.8556952380952385
0.20187793427230047	-3.855693121693113
0.20226917057902974	-3.853524975941167
0.202660406885759	-3.850834014717909
0.20305164319248825	-3.8477721518987367
0.20344287949921752	-3.839889589905363
0.2038341158059468	-3.836748582230618
0.20422535211267606	-3.8313173652694608
0.20461658841940533	-3.8063070539419055
0.20500782472613457	-3.7990602836879357
0.20539906103286384	-3.78610689201352
0.20579029733959311	-3.783795066413658
0.20618153364632238	-3.783363228699558
0.20657276995305165	-3.7771941489361684
0.2069640062597809	-3.7761202185792424
0.20735524256651017	-3.774391025641019
0.20774647887323944	-3.769513992517834
0.2081377151799687	-3.7689481401129683
0.20852895148669798	-3.756382113821143
0.20892018779342722	-3.7429291044776103
0.2093114241001565	-3.7392537743164507
0.20970266040688576	-3.7378657865786575
0.21009389671361503	-3.732393896713584
0.2104851330203443	-3.7300219298245603
0.21087636932707354	-3.7282647385076473
0.2112676056338028	-3.726263825577504
0.21165884194053208	-3.72585382440552
0.21205007824726135	-3.7254350519168136
0.21244131455399062	-3.7187522521435215
0.21283255086071987	-3.7070258066140367
0.21322378716744914	-3.705911722141825
0.2136150234741784	-3.704208242950111
0.21400625978090768	-3.7039834024896385
0.21439749608763695	-3.6918319758427223
0.2147887323943662	-3.691633600226776
0.21517996870109546	-3.684763358778626
0.21557120500782473	-3.678523263654751
0.215962441314554	-3.6685823322834787
0.21635367762128324	-3.666335613009032
0.2167449139280125	-3.6662393604117263
0.21713615023474178	-3.6570281662649045
0.21752738654147105	-3.6524200518582517
0.21791862284820032	-3.6423373939841017
0.21830985915492956	-3.64009840633803
0.21870109546165883	-3.639584732824423
0.2190923317683881	-3.6341943982505525
0.21948356807511737	-3.6312138728323706
0.21987480438184664	-3.6245686452354056
0.2202660406885759	-3.621642812694464
0.22065727699530516	-3.602937007874016
0.22104851330203443	-3.5983468989431238
0.2214397496087637	-3.5962698282406196
0.22183098591549297	-3.5917428495054624
0.2222222222222222	-3.578840253649393
0.22261345852895148	-3.5671535580524334
0.22300469483568075	-3.5648922322125984
0.22339593114241002	-3.5646689113355827
0.2237871674491393	-3.5640497271379736
0.22417840375586853	-3.5591548010417084
0.2245696400625978	-3.550051457975983
0.22496087636932707	-3.5425238095238045
0.22535211267605634	-3.53966057441254
0.2257433489827856	-3.53231664726426
0.22613458528951486	-3.5287066246056806
0.22652582159624413	-3.52412381951731
0.2269170579029734	-3.5198318240620994
0.22730829420970267	-3.5177349428841707
0.22769953051643194	-3.5139557373678536
0.22809076682316118	-3.5123619378028033
0.22848200312989045	-3.507161290322575
0.22887323943661972	-3.4992813636240383
0.229264475743349	-3.4987568058076173
0.22965571205007826	-3.4979825834542733
0.2300469483568075	-3.4958337901185756
0.23043818466353677	-3.492645439199394
0.23082942097026604	-3.486662568435777
0.2312206572769953	-3.484159733777042
0.23161189358372458	-3.484159733777042
0.23200312989045382	-3.4812452350698844
0.2323943661971831	-3.4740138888888925
0.23278560250391236	-3.469604989604993
0.23317683881064163	-3.462079510703365
0.2335680751173709	-3.4604545454545512
0.23395931142410015	-3.4475224856909295
0.23435054773082942	-3.445056403450569
0.2347417840375587	-3.4445474860335197
0.23513302034428796	-3.4436604774535806
0.23552425665101723	-3.44203928905519
0.23591549295774647	-3.4409006622516487
0.23630672926447574	-3.433820018365478
0.236697965571205	-3.419885951310896
0.23708920187793428	-3.4172571428571463
0.23748043818466355	-3.4094117647058777
0.2378716744913928	-3.4083727399165613
0.23826291079812206	-3.407961656259737
0.23865414710485133	-3.404234318871758
0.2390453834115806	-3.3987759562841537
0.23943661971830985	-3.397894736842101
0.23982785602503912	-3.396036866359454
0.24021909233176839	-3.3954878048780404
0.24061032863849766	-3.3887789605510332
0.24100156494522693	-3.385314341846747
0.24139280125195617	-3.380469929388851
0.24178403755868544	-3.3789424206815424
0.2421752738654147	-3.3778132854141907
0.24256651017214398	-3.372730733847684
0.24295774647887325	-3.3725401069518703
0.2433489827856025	-3.365731182795715
0.24374021909233176	-3.3610897475511803
0.24413145539906103	-3.3553658536585416
0.2445226917057903	-3.3432323232323258
0.24491392801251957	-3.3407187894073127
0.24530516431924881	-3.3355185758513937
0.24569640062597808	-3.329398148148149
0.24608763693270735	-3.323309090909083
0.24647887323943662	-3.3233030303030264
0.2468701095461659	-3.3220309477756316
0.24726134585289514	-3.320678947151392
0.2476525821596244	-3.31734159017169
0.24804381846635368	-3.303846066210984
0.24843505477308295	-3.300946445060012
0.24882629107981222	-3.2999077733860327
0.24921752738654146	-3.2814600326264305
0.24960876369327073	-3.280448811352526
0.25	-3.2804021739130302
0.25039123630672927	-3.27926914321017
0.25078247261345854	-3.2770604828699144
0.2511737089201878	-3.2720562770562847
0.2515649452269171	-3.2720454545454505
0.2519561815336463	-3.2720454545454505
0.25234741784037557	-3.2596451612903277
0.25273865414710484	-3.251059730250482
0.2531298904538341	-3.2510414294212477
0.2535211267605634	-3.2491567369385894
0.25391236306729265	-3.243491881712446
0.2543035993740219	-3.242453734960478
0.2546948356807512	-3.2416750756811394
0.25508607198748046	-3.238648993649091
0.2554773082942097	-3.238340154457338
0.25586854460093894	-3.236952864344377
0.2562597809076682	-3.2353503184713466
0.2566510172143975	-3.233705017219051
0.25704225352112675	-3.223417721518996
0.257433489827856	-3.2209778395636963
0.2578247261345853	-3.216022458628859
0.25821596244131456	-3.2096414421553088
0.25860719874804383	-3.2054424778760984
0.2589984350547731	-3.2039938503587218
0.25938967136150237	-3.1957993197278913
0.2597809076682316	-3.194236760124612
0.26017214397496086	-3.193208791208778
0.2605633802816901	-3.1868617021276537
0.2609546165884194	-3.1782323529411745
0.26134585289514867	-3.177154882154889
0.26173708920187794	-3.172933025404169
0.2621283255086072	-3.161057268722468
0.2625195618153365	-3.158787699586052
0.26291079812206575	-3.1586788874841987
0.263302034428795	-3.1580235602094193
0.26369327073552423	-3.157979396268181
0.2640845070422535	-3.157151578947375
0.2644757433489828	-3.142093899931458
0.26486697965571204	-3.1414245810055865
0.2652582159624413	-3.1412609584994167
0.2656494522691706	-3.139123467457235
0.26604068857589985	-3.118238775510207
0.2664319248826291	-3.114124983987042
0.2668231611893584	-3.113574788334903
0.26721439749608766	-3.1088961389769025
0.2676056338028169	-3.1053780578206127
0.26799687010954615	-3.099133959830488
0.2683881064162754	-3.0946492434520874
0.2687793427230047	-3.0946402317146786
0.26917057902973396	-3.0943867403314904
0.26956181533646323	-3.093598352501766
0.2699530516431925	-3.091516281382045
0.27034428794992177	-3.0894809010773754
0.27073552425665104	-3.0810136452241754
0.2711267605633803	-3.0749562937062933
0.2715179968701095	-3.07463661453542
0.2719092331768388	-3.07170469798658
0.27230046948356806	-3.064051088460981
0.27269170579029733	-3.063601462522851
0.2730829420970266	-3.0622342733188836
0.2734741784037559	-3.0622341072541084
0.27386541471048514	-3.0544922461230515
0.2742566510172144	-3.0529989212513526
0.2746478873239437	-3.046455737856027
0.2750391236306729	-3.044292826791485
0.27543035993740217	-3.04330043047196
0.27582159624413144	-3.0406985940246085
0.2762128325508607	-3.039029957203991
0.27660406885759	-3.0368637892376737
0.27699530516431925	-3.0366212556479395
0.2773865414710485	-3.034560975609751
0.2777777777777778	-3.0308858603066477
0.27816901408450706	-3.0289005235602104
0.27856025039123633	-3.014814398200229
0.27895148669796554	-3.0138785834738573
0.2793427230046948	-3.009363363034242
0.2797339593114241	-2.989648093841651
0.28012519561815336	-2.9871902654867077
0.2805164319248826	-2.9828132387706976
0.2809076682316119	-2.9786244604316536
0.28129890453834117	-2.976291457286433
0.28169014084507044	-2.974790241030529
0.2820813771517997	-2.9688433141919512
0.282472613458529	-2.96751475409836
0.2828638497652582	-2.9675145425700764
0.28325508607198746	-2.9660418562329354
0.28364632237871673	-2.9601305483028764
0.284037558685446	-2.955369211514391
0.28442879499217527	-2.955238611713682
0.28482003129890454	-2.954369918699194
0.2852112676056338	-2.9534680114401772
0.2856025039123631	-2.9508287344643893
0.28599374021909235	-2.948645495787429
0.2863849765258216	-2.9473723536737104
0.28677621283255084	-2.9470372645753318
0.2871674491392801	-2.9459562841530023
0.2875586854460094	-2.9457142857142857
0.28794992175273865	-2.944141156462581
0.2883411580594679	-2.943876923076926
0.2887323943661972	-2.941424731182801
0.28912363067292646	-2.9414243906060697
0.2895148669796557	-2.9381089036055976
0.289906103286385	-2.9350200803212974
0.29029733959311427	-2.9254366920853916
0.2906885758998435	-2.9203315649867387
0.29107981220657275	-2.9180929095354484
0.291471048513302	-2.9161660561660536
0.2918622848200313	-2.914792951541847
0.29225352112676056	-2.909986824769437
0.29264475743348983	-2.900514285714286
0.2930359937402191	-2.895421686746994
0.2934272300469484	-2.8946023794614897
0.29381846635367764	-2.893042255410469
0.2942097026604069	-2.8867099286177775
0.29460093896713613	-2.8857068741893674
0.2949921752738654	-2.881410204081627
0.29538341158059467	-2.8784509466437065
0.29577464788732394	-2.8751007025761153
0.2961658841940532	-2.8680000000000074
0.2965571205007825	-2.8679999999999928
0.29694835680751175	-2.867997126272106
0.297339593114241	-2.863765690376573
0.2977308294209703	-2.8626295819514325
0.2981220657276995	-2.8624358547150996
0.2985133020344288	-2.8623837209302323
0.29890453834115804	-2.8572340425531806
0.2992957746478873	-2.8525888324873057
0.2996870109546166	-2.8450000000000064
0.30007824726134585	-2.8450000000000064
0.3004694835680751	-2.844240426261508
0.3008607198748044	-2.843432078060943
0.30125195618153366	-2.8405659265738175
0.30164319248826293	-2.8379547596606978
0.30203442879499215	-2.8345761467889865
0.3024256651017214	-2.8275220951089195
0.3028169014084507	-2.827522051282049
0.30320813771517996	-2.8274223086939996
0.30359937402190923	-2.819761668321756
0.3039906103286385	-2.8196483243690604
0.30438184663536777	-2.8165770491803284
0.30477308294209704	-2.8088440860215065
0.3051643192488263	-2.807737765466302
0.3055555555555556	-2.8067519685039395
0.3059467918622848	-2.806747047244092
0.30633802816901406	-2.8063837638376357
0.30672926447574334	-2.8051667371194524
0.3071205007824726	-2.804414274631502
0.3075117370892019	-2.797481662591687
0.30790297339593115	-2.796133032694465
0.3082942097026604	-2.7952247621513835
0.3086854460093897	-2.7931880959752124
0.30907668231611896	-2.7894960212201543
0.3094679186228482	-2.7882986106909513
0.30985915492957744	-2.7823224524275445
0.3102503912363067	-2.7816537439729956
0.310641627543036	-2.779002168474072
0.31103286384976525	-2.7781289473684234
0.3114241001564945	-2.777066115702478
0.3118153364632238	-2.7731250000000043
0.31220657276995306	-2.7712910122598915
0.31259780907668233	-2.764971319311677
0.3129890453834116	-2.764227962721524
0.31338028169014087	-2.753020850675023
0.3137715179968701	-2.7422811601776953
0.31416275430359936	-2.739741784037555
0.3145539906103286	-2.7384353234228045
0.3149452269170579	-2.738433395872418
0.31533646322378717	-2.734859649122805
0.31572769953051644	-2.7348596491228045
0.3161189358372457	-2.7345262070746106
0.316510172143975	-2.7295531891030507
0.31690140845070425	-2.729236975037293
0.3172926447574335	-2.727798066595067
0.31768388106416273	-2.726825581395336
0.318075117370892	-2.72658053558406
0.31846635367762127	-2.7265569196428605
0.31885758998435054	-2.725226480836237
0.3192488262910798	-2.7251391173733253
0.3196400625978091	-2.720447530864198
0.32003129890453835	-2.7175835398753327
0.3204225352112676	-2.717515991471221
0.3208137715179969	-2.7079418643928133
0.3212050078247261	-2.707480653482377
0.3215962441314554	-2.706974459724952
0.32198748043818465	-2.7063230240549823
0.3223787167449139	-2.7057128095238405
0.3227699530516432	-2.703874418604655
0.32316118935837246	-2.7027661290322613
0.32355242566510173	-2.6943051771117164
0.323943661971831	-2.6879322033898294
0.32433489827856027	-2.684539306847004
0.32472613458528954	-2.6838543352601154
0.32511737089201875	-2.68228855334878
0.325508607198748	-2.6812023668638987
0.3258998435054773	-2.6811635750421536
0.32629107981220656	-2.664663212435238
0.32668231611893583	-2.6635000864772715
0.3270735524256651	-2.6571209108884126
0.3274647887323944	-2.649892215568862
0.32785602503912364	-2.649587970711118
0.3282472613458529	-2.6483313928238768
0.3286384976525822	-2.644076502732235
0.3290297339593114	-2.6389114658925883
0.32942097026604067	-2.636817944705269
0.32981220657276994	-2.636167113489501
0.3302034428794992	-2.6344970414201105
0.3305946791862285	-2.6327550000000066
0.33098591549295775	-2.6319308059159425
0.331377151799687	-2.631471861471858
0.3317683881064163	-2.618303341902315
0.33215962441314556	-2.613674842630786
0.33255086071987483	-2.6075896535563023
0.33294209702660404	-2.606639125506048
0.3333333333333333	-2.600171945701358
0.3337245696400626	-2.5987049703474674
0.33411580594679186	-2.597987487465563
0.3345070422535211	-2.596787003610115
0.3348982785602504	-2.595807896459552
0.33528951486697967	-2.595571759768433
0.33568075117370894	-2.591185983827494
0.3360719874804382	-2.5900718132854603
0.3364632237871675	-2.5880677540777897
0.3368544600938967	-2.585352112676045
0.33724569640062596	-2.583433607565473
0.33763693270735523	-2.579155709342561
0.3380281690140845	-2.578008784773049
0.33841940532081377	-2.577946666666659
0.33881064162754304	-2.571981424148607
0.3392018779342723	-2.568927762396171
0.3395931142410016	-2.5675427696494926
0.33998435054773085	-2.5653403264129184
0.3403755868544601	-2.5648700410396685
0.34076682316118934	-2.564196838638488
0.3411580594679186	-2.5598021676563683
0.3415492957746479	-2.5540443087765525
0.34194053208137715	-2.5460605389707447
0.3423317683881064	-2.543302620213066
0.3427230046948357	-2.543283720930233
0.34311424100156496	-2.540455764075062
0.3435054773082942	-2.537424789410352
0.3438967136150235	-2.535282358416881
0.3442879499217527	-2.531099020674636
0.344679186228482	-2.526708688245319
0.34507042253521125	-2.5253688329761097
0.3454616588419405	-2.522559414990849
0.3458528951486698	-2.520068444793987
0.34624413145539906	-2.519644396551716
0.34663536776212833	-2.516168181818188
0.3470266040688576	-2.5131630648329977
0.3474178403755869	-2.5063671875000075
0.34780907668231614	-2.5018579766536853
0.34820031298904536	-2.501704877032088
0.3485915492957746	-2.5007346938775448
0.3489827856025039	-2.4993011647254595
0.34937402190923317	-2.4943033241650663
0.34976525821596244	-2.4907514450867096
0.3501564945226917	-2.490038510911423
0.350547730829421	-2.4893051101133215
0.35093896713615025	-2.4824530193368943
0.3513302034428795	-2.4808604206501017
0.3517214397496088	-2.477618234209737
0.352112676056338	-2.4703317805629137
0.3525039123630673	-2.466508924090613
0.35289514866979654	-2.4662669683258
0.3532863849765258	-2.4587325842696606
0.3536776212832551	-2.44844155844156
0.35406885758998435	-2.4472465355293846
0.3544600938967136	-2.4443992606284612
0.3548513302034429	-2.4418672199170155
0.35524256651017216	-2.4380491942323936
0.35563380281690143	-2.4274408103179996
0.35602503912363065	-2.4249237472766803
0.3564162754303599	-2.415525351184479
0.3568075117370892	-2.4110573476702495
0.35719874804381846	-2.4020918234525115
0.35758998435054773	-2.4012642045454577
0.357981220657277	-2.3994994137353953
0.35837245696400627	-2.398305842885106
0.35876369327073554	-2.397608631950973
0.3591549295774648	-2.396993810786919
0.3595461658841941	-2.395605298013251
0.3599374021909233	-2.393429003021154
0.36032863849765256	-2.392382629107972
0.36071987480438183	-2.37994878857298
0.3611111111111111	-2.3767167630057835
0.3615023474178404	-2.3752467532467545
0.36189358372456965	-2.3705125899280537
0.3622848200312989	-2.3648971518987363
0.3626760563380282	-2.3616309412861183
0.36306729264475746	-2.3569387755102
0.3634585289514867	-2.355072222222216
0.36384976525821594	-2.354812190217913
0.3642410015649452	-2.3467676767676715
0.3646322378716745	-2.34585321100918
0.36502347417840375	-2.3441303726370686
0.365414710485133	-2.338874388254485
0.3658059467918623	-2.3368074999999955
0.36619718309859156	-2.333612670625336
0.36658841940532083	-2.330914512922475
0.3669796557120501	-2.328180758017475
0.3673708920187793	-2.3270438472418773
0.3677621283255086	-2.3267368882878876
0.36815336463223786	-2.325649717514123
0.3685446009389671	-2.3248847420417005
0.3689358372456964	-2.3212696850393764
0.36932707355242567	-2.320314650934111
0.36971830985915494	-2.2999737499986095
0.3701095461658842	-2.2977190876350515
0.3705007824726135	-2.297156568686267
0.37089201877934275	-2.296660503036453
0.37128325508607196	-2.29544910179641
0.37167449139280123	-2.2920333210592108
0.3720657276995305	-2.2868670886076026
0.37245696400625977	-2.2844214786158297
0.37284820031298904	-2.282849426063478
0.3732394366197183	-2.2812658639765666
0.3736306729264476	-2.2804118524040145
0.37402190923317685	-2.2803367003367017
0.3744131455399061	-2.27155129109083
0.3748043818466354	-2.269543181818179
0.3751956181533646	-2.2691078431372507
0.3755868544600939	-2.264440154440146
0.37597809076682315	-2.2599897540983624
0.3763693270735524	-2.2558132838411256
0.3767605633802817	-2.2534436619718283
0.37715179968701096	-2.250528501909701
0.37754303599374023	-2.24668839696459
0.3779342723004695	-2.242688369650838
0.37832550860719877	-2.240711578947367
0.37871674491392804	-2.2342652329749164
0.37910798122065725	-2.2311160714285783
0.3794992175273865	-2.228753339269817
0.3798904538341158	-2.2252549889135276
0.38028169014084506	-2.224632608068864
0.38067292644757433	-2.2194713656387632
0.3810641627543036	-2.2183403361344647
0.3814553990610329	-2.215661543074603
0.38184663536776214	-2.2148745844666147
0.3822378716744914	-2.2113466334164547
0.3826291079812207	-2.2081304347825954
0.3830203442879499	-2.207160120845919
0.38341158059467917	-2.206268920654305
0.38380281690140844	-2.204665127020794
0.3841940532081377	-2.201078977114333
0.384585289514867	-2.1993254049620705
0.38497652582159625	-2.1976113620608873
0.3853677621283255	-2.1976013618160373
0.3857589984350548	-2.1970922746781185
0.38615023474178406	-2.194437980921949
0.3865414710485133	-2.1929748985868946
0.38693270735524254	-2.1924390243902336
0.3873239436619718	-2.1923602255420156
0.3877151799687011	-2.1899623911322266
0.38810641627543035	-2.182799485957827
0.3884976525821596	-2.178709187547462
0.3888888888888889	-2.1758158995816035
0.38928012519561817	-2.1749634273772287
0.38967136150234744	-2.1709209744503752
0.3900625978090767	-2.1655950413223093
0.3904538341158059	-2.162495250158324
0.3908450704225352	-2.157131105469298
0.39123630672926446	-2.142677376171344
0.39162754303599373	-2.139505882352938
0.392018779342723	-2.1395049999999927
0.39241001564945227	-2.1306998403793074
0.39280125195618154	-2.1305830508474544
0.3931924882629108	-2.1270866141732356
0.3935837245696401	-2.1240294117646945
0.39397496087636935	-2.1202536585365843
0.39436619718309857	-2.1182070026412205
0.39475743348982784	-2.1150387596899236
0.3951486697965571	-2.1138863636363614
0.3955399061032864	-2.107052607248262
0.39593114241001565	-2.106245210727967
0.3963223787167449	-2.1052806122448926
0.3967136150234742	-2.1017192600652774
0.39710485133020346	-2.100086862106419
0.3974960876369327	-2.089601824599489
0.397887323943662	-2.088441993329313
0.3982785602503912	-2.0851303538175068
0.3986697965571205	-2.0837546468401453
0.39906103286384975	-2.081953028430159
0.399452269170579	-2.074348623853222
0.3998435054773083	-2.0716028081213143
0.40023474178403756	-2.064217105263155
0.40062597809076683	-2.0636879312525727
0.4010172143974961	-2.0620634920634817
0.4014084507042254	-2.060404322281534
0.40179968701095464	-2.059955094444171
0.40219092331768386	-2.0589942528735623
0.4025821596244131	-2.057349899568257
0.4029733959311424	-2.054707207207216
0.40336463223787167	-2.0519345661451007
0.40375586854460094	-2.0462433862433875
0.4041471048513302	-2.0443216080401996
0.4045383411580595	-2.0402505172739014
0.40492957746478875	-2.039359720605358
0.405320813771518	-2.034314329738057
0.4057120500782473	-2.033010380622831
0.4061032863849765	-2.0299389728165846
0.4064945226917058	-2.023490968134771
0.40688575899843504	-2.0213832199546475
0.4072769953051643	-2.0198717948717935
0.4076682316118936	-2.0194380823371176
0.40805946791862285	-2.01911864406781
0.4084507042253521	-2.0185664961290137
0.4088419405320814	-2.0183612193761022
0.40923317683881066	-2.0171607923767056
0.4096244131455399	-2.0137506466632082
0.41001564945226915	-2.0123873441994244
0.4104068857589984	-2.01016722408028
0.4107981220657277	-2.0093443837434544
0.41118935837245696	-2.0085795514963567
0.41158059467918623	-2.003620309050774
0.4119718309859155	-2.003615894039732
0.41236306729264477	-1.9999247412982197
0.41275430359937404	-1.999175575549748
0.4131455399061033	-1.995513549958327
0.4135367762128325	-1.9888142389650703
0.4139280125195618	-1.9867634408602266
0.41431924882629106	-1.9867612903225786
0.41471048513302033	-1.9867526881720432
0.4151017214397496	-1.9826794236320702
0.4154929577464789	-1.98094520547944
0.41588419405320814	-1.9808806818181781
0.4162754303599374	-1.9792041336907393
0.4166666666666667	-1.9789574840039676
0.41705790297339596	-1.9724204796522642
0.41744913928012517	-1.964953271028037
0.41784037558685444	-1.9567651022395012
0.4182316118935837	-1.956143707464491
0.418622848200313	-1.9555214723926466
0.41901408450704225	-1.9506085192697782
0.4194053208137715	-1.9463746223564942
0.4197965571205008	-1.943991975927783
0.42018779342723006	-1.943690225563903
0.42057902973395933	-1.9389140811456016
0.4209702660406886	-1.9384395871281102
0.4213615023474178	-1.9380042553191523
0.4217527386541471	-1.9343073164112423
0.42214397496087636	-1.9251923076922983
0.4225352112676056	-1.9227466150870427
0.4229264475743349	-1.9205346820809175
0.42331768388106417	-1.917270834334777
0.42370892018779344	-1.9157982778961948
0.4241001564945227	-1.9140142857142908
0.424491392801252	-1.9055534709193256
0.42488262910798125	-1.9045224719101184
0.42527386541471046	-1.8989180990899899
0.42566510172143973	-1.898365079365075
0.426056338028169	-1.8973637918397173
0.42644757433489827	-1.894581034482763
0.42683881064162754	-1.8938360881542642
0.4272300469483568	-1.8908547945205503
0.4276212832550861	-1.8908543872995054
0.42801251956181535	-1.8893820138973587
0.4284037558685446	-1.8859310726902323
0.4287949921752739	-1.8799731543624132
0.4291862284820031	-1.87573901464714
0.4295774647887324	-1.8747312463083174
0.42996870109546165	-1.8734945122860793
0.4303599374021909	-1.8705312134661887
0.4307511737089202	-1.8654482158398604
0.43114241001564946	-1.8594927769413614
0.43153364632237873	-1.8533681322445705
0.431924882629108	-1.8532116984169722
0.43231611893583727	-1.8530520951302487
0.4327073552425665	-1.85177040932113
0.43309859154929575	-1.841104477611944
0.433489827856025	-1.8410945273631778
0.4338810641627543	-1.8404906832298273
0.43427230046948356	-1.8392125550660827
0.43466353677621283	-1.8362660098522245
0.4350547730829421	-1.835309734513269
0.4354460093896714	-1.8348330058939064
0.43583724569640064	-1.8333814905510644
0.4362284820031299	-1.8321981856245622
0.43661971830985913	-1.828464212569791
0.4370109546165884	-1.8282256393171963
0.43740219092331767	-1.8268840579710108
0.43779342723004694	-1.8253451043338635
0.4381846635367762	-1.8245913461538528
0.4385758998435055	-1.8145435294117613
0.43896713615023475	-1.8109806537691806
0.439358372456964	-1.810000000000012
0.4397496087636933	-1.8091441860465112
0.44014084507042256	-1.8080248258075617
0.4405320813771518	-1.8053321033210346
0.44092331768388104	-1.8000759878419506
0.4413145539906103	-1.7936764044943847
0.4417057902973396	-1.7892436040044435
0.44209702660406885	-1.789073387694589
0.4424882629107981	-1.784889867841406
0.4428794992175274	-1.7810978302496587
0.44327073552425666	-1.7803400174367914
0.44366197183098594	-1.775987055016176
0.4440532081377152	-1.775987055016176
0.4444444444444444	-1.7685162505887884
0.4448356807511737	-1.7643651626442796
0.44522691705790296	-1.7642824171212754
0.44561815336463223	-1.7630695411536896
0.4460093896713615	-1.756028202115158
0.44640062597809077	-1.7455508873560928
0.44679186228482004	-1.7443395647457722
0.4471830985915493	-1.7441217564870277
0.4475743348982786	-1.7404878048780505
0.44796557120500785	-1.7397105263157888
0.44835680751173707	-1.7394477317554238
0.44874804381846634	-1.73665796344648
0.4491392801251956	-1.7268320610687078
0.4495305164319249	-1.7215398257826215
0.44992175273865415	-1.7201312089971923
0.4503129890453834	-1.719093457943919
0.4507042253521127	-1.7099045007827711
0.45109546165884196	-1.707717391304335
0.4514866979655712	-1.7073059225047809
0.4518779342723005	-1.7064440433212973
0.4522691705790297	-1.7030512514898775
0.452660406885759	-1.7018462603122033
0.45305164319248825	-1.7017814726840899
0.4534428794992175	-1.6944446689276398
0.4538341158059468	-1.6910945454545419
0.45422535211267606	-1.6904827586206805
0.45461658841940533	-1.6904827586206805
0.4550078247261346	-1.687068523299945
0.45539906103286387	-1.684912284629023
0.4557902973395931	-1.6841455160744516
0.45618153364632236	-1.6781844619858792
0.4565727699530516	-1.6744578313253138
0.4569640062597809	-1.6644904458598797
0.45735524256651017	-1.6620677200902843
0.45774647887323944	-1.6604569620720495
0.4581377151799687	-1.6602557603116772
0.458528951486698	-1.6592358388628123
0.45892018779342725	-1.6576220145379092
0.4593114241001565	-1.6567034095500435
0.45970266040688573	-1.6547890095273028
0.460093896713615	-1.6539775725593664
0.4604851330203443	-1.6538417582417646
0.46087636932707354	-1.6438988095238007
0.4612676056338028	-1.6426074074074104
0.4616588419405321	-1.6415944881889775
0.46205007824726135	-1.6395954040818501
0.4624413145539906	-1.6325514695393
0.4628325508607199	-1.6311740496871538
0.46322378716744916	-1.630568181818184
0.4636150234741784	-1.6295682944090655
0.46400625978090765	-1.6286300940438845
0.4643974960876369	-1.628188732394365
0.4647887323943662	-1.6279093023255822
0.46517996870109546	-1.626123019571299
0.46557120500782473	-1.6160269360269306
0.465962441314554	-1.6107443711328138
0.46635367762128327	-1.6107045685279222
0.46674491392801254	-1.6068725617685329
0.4671361502347418	-1.6054396551724086
0.467527386541471	-1.6006852791878114
0.4679186228482003	-1.5978670012547034
0.46830985915492956	-1.597379191507008
0.46870109546165883	-1.5971509991572623
0.4690923317683881	-1.5969250000000046
0.4694835680751174	-1.5955012427506212
0.46987480438184664	-1.5884275862068913
0.4702660406885759	-1.5854181364614892
0.4706572769953052	-1.58446931163106
0.47104851330203446	-1.5835224586288523
0.47143974960876367	-1.575279361459519
0.47183098591549294	-1.5695266666666738
0.4722222222222222	-1.5659344262295112
0.4726134585289515	-1.5613262032085597
0.47300469483568075	-1.5612974543109515
0.47339593114241	-1.5551176470588184
0.4737871674491393	-1.5446896551724167
0.47417840375586856	-1.5412220924092916
0.47456964006259783	-1.5392431333974745
0.4749608763693271	-1.5381769102990033
0.4753521126760563	-1.5346995584859933
0.4757433489827856	-1.5304840182648267
0.47613458528951486	-1.5278426957966582
0.4765258215962441	-1.5267799642218178
0.4769170579029734	-1.5247996182075265
0.47730829420970267	-1.5243999999999984
0.47769953051643194	-1.523419441549748
0.4780907668231612	-1.5203908045976886
0.4784820031298905	-1.5199250229525805
0.4788732394366197	-1.5173666384420055
0.47926447574334896	-1.516810062581862
0.47965571205007823	-1.5123877327491941
0.4800469483568075	-1.5069667287965334
0.48043818466353677	-1.5036615224194632
0.48082942097026604	-1.4992150943396234
0.4812206572769953	-1.4958357487922755
0.4816118935837246	-1.489253521126754
0.48200312989045385	-1.488470546541449
0.4823943661971831	-1.4850368346070075
0.48278560250391234	-1.4846120314708067
0.4831768388106416	-1.4833772689702773
0.4835680751173709	-1.4832561446499322
0.48395931142410015	-1.4831125870520425
0.4843505477308294	-1.4670532978418058
0.4847417840375587	-1.4667826761049017
0.48513302034428796	-1.461900452488688
0.4855242566510172	-1.461527621195033
0.4859154929577465	-1.4609080717488703
0.48630672926447577	-1.4585949506037303
0.486697965571205	-1.4499494949494909
0.48708920187793425	-1.4485657370517764
0.4874804381846635	-1.447517305727881
0.4878716744913928	-1.4469769720725203
0.48826291079812206	-1.446358325219083
0.48865414710485133	-1.4450720461095132
0.4890453834115806	-1.4382810005922395
0.4894366197183099	-1.4376106194690401
0.48982785602503914	-1.4376106194690401
0.4902190923317684	-1.4349113779302358
0.49061032863849763	-1.4343920047047678
0.4910015649452269	-1.427443315089901
0.49139280125195617	-1.4254646666971957
0.49178403755868544	-1.4243898394438612
0.4921752738654147	-1.424257871064473
0.492566510172144	-1.4211080608934317
0.49295774647887325	-1.420872675250363
0.4933489827856025	-1.4192752272197513
0.4937402190923318	-1.4183448275862065
0.49413145539906106	-1.4162876473703412
0.4945226917057903	-1.4086487285629798
0.49491392801251954	-1.4051138888888794
0.4953051643192488	-1.4044759013141486
0.4956964006259781	-1.4022590837282618
0.49608763693270735	-1.4019853326348826
0.4964788732394366	-1.400258227848108
0.4968701095461659	-1.3967781441356555
0.49726134585289516	-1.3939406725369095
0.49765258215962443	-1.3877099207753523
0.4980438184663537	-1.3796254869092028
0.4984350547730829	-1.3792347880611207
0.4988262910798122	-1.3754796844835104
0.49921752738654146	-1.374282533900014
0.49960876369327073	-1.3732125639177093
0.5	-1.3717264141525887
0.5003912363067292	-1.3564677634625295
0.5007824726134585	-1.3503333333333423
0.5011737089201878	-1.3503240740740816
0.5015649452269171	-1.3503225806451686
0.5019561815336463	-1.3503200000000013
0.5023474178403756	-1.3503159173754593
0.5027386541471048	-1.3503153153153216
0.5031298904538342	-1.3503127892377216
0.5035211267605634	-1.3503124999999965
0.5039123630672926	-1.3503121636167912
0.5043035993740219	-1.3503115264797498
0.5046948356807511	-1.3503108188882211
0.5050860719874805	-1.350310421286032
0.5054773082942097	-1.3503102961918156
0.505868544600939	-1.350309859154929
0.5062597809076682	-1.3503096774193577
0.5066510172143975	-1.350309555854634
0.5070422535211268	-1.350309506263818
0.5074334898278561	-1.3503084745762661
0.5078247261345853	-1.350308123249299
0.5082159624413145	-1.3503079599026138
0.5086071987480438	-1.350307692307699
0.508998435054773	-1.3503072625698376
0.5093896713615024	-1.3503071948261924
0.5097809076682316	-1.350306666666673
0.5101721439749609	-1.3503065883887753
0.5105633802816901	-1.3503055229142107
0.5109546165884195	-1.3503051643192436
0.5113458528951487	-1.3503051391863006
0.5117370892018779	-1.3503050847457752
0.5121283255086072	-1.3503047313552556
0.5125195618153364	-1.35030456852792
0.5129107981220657	-1.350304114490162
0.513302034428795	-1.3503009259259302
0.5136932707355243	-1.3502857142857256
0.5140845070422535	-1.3486622876192071
0.5144757433489828	-1.3468809073724015
0.514866979655712	-1.333549832260996
0.5152582159624414	-1.3294971516864473
0.5156494522691706	-1.3293300723096686
0.5160406885758998	-1.3213307484920298
0.5164319248826291	-1.3212547475329959
0.5168231611893583	-1.3196714529082558
0.5172143974960877	-1.317300144439612
0.5176056338028169	-1.3125458915564336
0.5179968701095462	-1.3048570827254786
0.5183881064162754	-1.304155296951079
0.5187793427230047	-1.2900794438388095
0.519170579029734	-1.2878670886075967
0.5195618153364632	-1.2859973924380697
0.5199530516431925	-1.28505952380952
0.5203442879499217	-1.2832947933663423
0.520735524256651	-1.265445161290317
0.5211267605633803	-1.2633156966490275
0.5215179968701096	-1.2615917266186982
0.5219092331768388	-1.2599633699633623
0.5223004694835681	-1.2595492180312773
0.5226917057902973	-1.2523435948361457
0.5230829420970265	-1.2472231255805277
0.5234741784037559	-1.2471234309623445
0.5238654147104851	-1.2440086206896563
0.5242566510172144	-1.2402862684068061
0.5246478873239436	-1.2388474576271227
0.525039123630673	-1.238710407239809
0.5254303599374022	-1.2373081328751458
0.5258215962441315	-1.2368685320045998
0.5262128325508607	-1.2366589861751054
0.52660406885759	-1.23613425925926
0.5269953051643192	-1.232729439809305
0.5273865414710485	-1.229559363525094
0.5277777777777778	-1.2292018889378908
0.528169014084507	-1.227372687538686
0.5285602503912363	-1.2255941845764882
0.5289514866979655	-1.22543037974684
0.5293427230046949	-1.21669302972219
0.5297339593114241	-1.2155464480874318
0.5301251956181534	-1.2079718478081887
0.5305164319248826	-1.206289596413114
0.5309076682316118	-1.2059173197897561
0.5312989045383412	-1.1983050847457644
0.5316901408450704	-1.196881804043547
0.5320813771517997	-1.1932165605095562
0.5324726134585289	-1.1922115384615362
0.5328638497652582	-1.1890331096451847
0.5332550860719875	-1.1888543371522187
0.5336463223787168	-1.1887011467353072
0.534037558685446	-1.18479865771812
0.5344287949921753	-1.1844519166106156
0.5348200312989045	-1.181675213675215
0.5352112676056338	-1.1778496503496487
0.5356025039123631	-1.173695712209493
0.5359937402190923	-1.1709363636363597
0.5363849765258216	-1.1706193078324238
0.5367762128325508	-1.1685749999999975
0.5371674491392802	-1.166610728329566
0.5375586854460094	-1.1613218390804476
0.5379499217527387	-1.1544085106382924
0.5383411580594679	-1.154016486640134
0.5387323943661971	-1.1530066666666627
0.5391236306729265	-1.1529441441539023
0.5395148669796557	-1.1511977485586762
0.539906103286385	-1.1495930824008074
0.5402973395931142	-1.148155737704914
0.5406885758998435	-1.1452740376578783
0.5410798122065728	-1.1382825843014897
0.5414710485133021	-1.1303567447045688
0.5418622848200313	-1.126621315192745
0.5422535211267606	-1.126621315192745
0.5426447574334898	-1.1175102585539662
0.543035993740219	-1.1159857482185342
0.5434272300469484	-1.1138218796636352
0.5438184663536776	-1.110515313563437
0.5442097026604069	-1.1072165680473358
0.5446009389671361	-1.1065773353751924
0.5449921752738655	-1.1059123777116187
0.5453834115805947	-1.104297589359933
0.545774647887324	-1.102859531772577
0.5461658841940532	-1.0999238578680137
0.5465571205007824	-1.099612452350696
0.5469483568075117	-1.0980051150895132
0.547339593114241	-1.0960567010309217
0.5477308294209703	-1.0924621585186778
0.5481220657276995	-1.0913407688721175
0.5485133020344288	-1.0910802919707967
0.548904538341158	-1.0853566747452537
0.5492957746478874	-1.0755153577825791
0.5496870109546166	-1.0721653933803466
0.5500782472613458	-1.0708498583569397
0.5504694835680751	-1.0686509635974304
0.5508607198748043	-1.0649586336793915
0.5512519561815337	-1.0635319767441909
0.5516431924882629	-1.0618567251461994
0.5520344287949922	-1.053771500850844
0.5524256651017214	-1.0498477157360429
0.5528169014084507	-1.0495396661444953
0.55320813771518	-1.0450866336633697
0.5535993740219093	-1.0404188481675474
0.5539906103286385	-1.0371269841269812
0.5543818466353677	-1.03588844621515
0.554773082942097	-1.0337818181818252
0.5551643192488263	-1.0316844720496892
0.5555555555555556	-1.0266716679591872
0.5559467918622848	-1.0265286179618358
0.5563380281690141	-1.02580146608257
0.5567292644757433	-1.0248958689199914
0.5571205007824727	-1.0247194719471908
0.5575117370892019	-1.0201734414412258
0.5579029733959311	-1.0195523547509646
0.5582942097026604	-1.0168018931710616
0.5586854460093896	-1.0116933638443883
0.559076682316119	-1.0106060606060567
0.5594679186228482	-1.0102355354715504
0.5598591549295775	-1.0101379310344727
0.5602503912363067	-1.009781659388641
0.560641627543036	-1.0069837587006814
0.5610328638497653	-1.0041637426900758
0.5614241001564946	-1.0037704918032642
0.5618153364632238	-1.0011061946902666
0.562206572769953	-0.9959272563987343
0.5625978090766823	-0.9885085574572066
0.5629890453834115	-0.9874574712643678
0.5633802816901409	-0.9846701260192773
0.5637715179968701	-0.9839182915505938
0.5641627543035994	-0.9827042853340467
0.5645539906103286	-0.9826708074534295
0.564945226917058	-0.9823518056998828
0.5653364632237872	-0.9775818639798546
0.5657276995305164	-0.9766287878787921
0.5661189358372457	-0.9756212696690194
0.5665101721439749	-0.9745245169105158
0.5669014084507042	-0.9725000000000069
0.5672926447574335	-0.9703200000000025
0.5676838810641628	-0.969049950694037
0.568075117370892	-0.9660398391265939
0.5684663536776213	-0.9658534684333654
0.5688575899843505	-0.9603952569169935
0.5692488262910798	-0.9526828582552613
0.5696400625978091	-0.9495389404861736
0.5700312989045383	-0.9490849330311881
0.5704225352112676	-0.9487516960651313
0.5708137715179968	-0.9415857228469252
0.5712050078247262	-0.9392500000000026
0.5715962441314554	-0.9385495652173859
0.5719874804381847	-0.937546044718534
0.5723787167449139	-0.936808327137226
0.5727699530516432	-0.9358123249299645
0.5731611893583725	-0.9203238431085874
0.5735524256651017	-0.9199250971888604
0.573943661971831	-0.9195196506550296
0.5743348982785602	-0.9187166666666672
0.5747261345852895	-0.9039276018099655
0.5751173708920188	-0.8981001392835296
0.5755086071987481	-0.896758620689657
0.5758998435054773	-0.8855264809063268
0.5762910798122066	-0.8809199048374303
0.5766823161189358	-0.8805576680840356
0.577073552425665	-0.8785134020618587
0.5774647887323944	-0.8722665662650712
0.5778560250391236	-0.8701592920354018
0.5782472613458529	-0.8653721910112377
0.5786384976525821	-0.8601242236024922
0.5790297339593115	-0.8533623084129848
0.5794209702660407	-0.8531914415906295
0.57981220657277	-0.8520016191054322
0.5802034428794992	-0.8490386006292953
0.5805946791862285	-0.8430645358359997
0.5809859154929577	-0.8378389610389528
0.581377151799687	-0.8374003466204366
0.5817683881064163	-0.8349007314524587
0.5821596244131455	-0.8332704402515579
0.5825508607198748	-0.8316778387162197
0.582942097026604	-0.8305479452054908
0.5833333333333334	-0.8297361477572559
0.5837245696400626	-0.8294704545454546
0.5841158059467919	-0.8266287232631243
0.5845070422535211	-0.8164625230286884
0.5848982785602503	-0.8141666666666634
0.5852895148669797	-0.8112386156648461
0.5856807511737089	-0.8072844036697259
0.5860719874804382	-0.805593550215712
0.5864632237871674	-0.8037673130193845
0.5868544600938967	-0.8009466984884608
0.587245696400626	-0.7980370888733292
0.5876369327073553	-0.7975805096828601
0.5880281690140845	-0.7973867351704886
0.5884194053208138	-0.7945352112676126
0.588810641627543	-0.7916987542468924
0.5892018779342723	-0.7796983101546133
0.5895931142410016	-0.7789768339768217
0.5899843505477308	-0.775385670209129
0.5903755868544601	-0.7744133551905157
0.5907668231611893	-0.7691605301914596
0.5911580594679187	-0.7631012358988871
0.5915492957746479	-0.7617004773269678
0.5919405320813772	-0.7600955458453869
0.5923317683881064	-0.7530272452068544
0.5927230046948356	-0.7520464012921984
0.593114241001565	-0.7519327267714524
0.5935054773082942	-0.7413580246913627
0.5938967136150235	-0.7388429752066072
0.5942879499217527	-0.7331074035453535
0.594679186228482	-0.7303661601292954
0.5950704225352113	-0.7219745222929996
0.5954616588419406	-0.7141006192420268
0.5958528951486698	-0.7120887245840994
0.596244131455399	-0.7105251194670468
0.5966353677621283	-0.7092354740061124
0.5970266040688575	-0.7005269041600608
0.5974178403755869	-0.7000753295668433
0.5978090766823161	-0.6940931571659865
0.5982003129890454	-0.6915631526678192
0.5985915492957746	-0.6908823529411868
0.598982785602504	-0.6875503698307328
0.5993740219092332	-0.6873386912005763
0.5997652582159625	-0.6851622418879079
0.6001564945226917	-0.6822052910052889
0.6005477308294209	-0.6783106267029905
0.6009389671361502	-0.6713889328177476
0.6013302034428795	-0.6691829689298016
0.6017214397496088	-0.668759090909096
0.602112676056338	-0.6681489717100532
0.6025039123630673	-0.6652480158730173
0.6028951486697965	-0.6638561517044788
0.6032863849765259	-0.6583807351350461
0.6036776212832551	-0.658035087719296
0.6040688575899843	-0.6572950665738838
0.6044600938967136	-0.6511342159091711
0.6048513302034428	-0.6491423205881289
0.6052425665101722	-0.6456666666666608
0.6056338028169014	-0.642639885222384
0.6060250391236307	-0.6291664295007467
0.6064162754303599	-0.6245697070218993
0.6068075117370892	-0.6236095764272571
0.6071987480438185	-0.6231597051597153
0.6075899843505478	-0.6189075918674898
0.607981220657277	-0.617151140262233
0.6083724569640062	-0.6168401486988795
0.6087636932707355	-0.614116417910442
0.6091549295774648	-0.6127352406688568
0.6095461658841941	-0.6106484846213599
0.6099374021909233	-0.6085714285714375
0.6103286384976526	-0.6067833550502431
0.6107198748043818	-0.6054454664619285
0.6111111111111112	-0.5971049587654271
0.6115023474178404	-0.5911997201818828
0.6118935837245696	-0.5910065477209242
0.6122848200312989	-0.5902825161932601
0.6126760563380281	-0.5868959587274433
0.6130672926447575	-0.5864269911504423
0.6134585289514867	-0.5826070038910434
0.613849765258216	-0.5811111111111031
0.6142410015649452	-0.5789307130531889
0.6146322378716745	-0.5787374301675839
0.6150234741784038	-0.5744044943820361
0.615414710485133	-0.5718356176581846
0.6158059467918623	-0.5706744091326241
0.6161971830985915	-0.5675512528938192
0.6165884194053208	-0.5662741635951307
0.61697965571205	-0.5644836094177226
0.6173708920187794	-0.5575130200366379
0.6177621283255086	-0.5574856486796856
0.6181533646322379	-0.554035874439469
0.6185446009389671	-0.553462574044161
0.6189358372456965	-0.5450068027210784
0.6193270735524257	-0.5450000000000131
0.6197183098591549	-0.5414730150260947
0.6201095461658842	-0.5379058823529365
0.6205007824726134	-0.5379029411764733
0.6208920187793427	-0.5362038834951518
0.621283255086072	-0.5329801389414915
0.6216744913928013	-0.5248714285714323
0.6220657276995305	-0.5241987096774247
0.6224569640062598	-0.5240285899074869
0.622848200312989	-0.5229247311828025
0.6232394366197183	-0.5226271630833857
0.6236306729264476	-0.5200373740625044
0.6240219092331768	-0.518294689603587
0.6244131455399061	-0.5178112087453155
0.6248043818466353	-0.511445578231289
0.6251956181533647	-0.5100226854047398
0.6255868544600939	-0.5079298173122678
0.6259780907668232	-0.503771490898624
0.6263693270735524	-0.49774185942965354
0.6267605633802817	-0.4931595576619246
0.627151799687011	-0.48874454148472163
0.6275430359937402	-0.4883459020290964
0.6279342723004695	-0.48152555450211426
0.6283255086071987	-0.4758737614077632
0.628716744913928	-0.468845867460904
0.6291079812206573	-0.4687176259480761
0.6294992175273866	-0.46529106858054226
0.6298904538341158	-0.4627120822622151
0.6302816901408451	-0.45905140931967486
0.6306729264475743	-0.45485024069138946
0.6310641627543035	-0.45185792349726817
0.6314553990610329	-0.4493987823439892
0.6318466353677621	-0.44775232129999515
0.6322378716744914	-0.4393618497109852
0.6326291079812206	-0.4393459022701044
0.63302034428795	-0.4385263045307724
0.6334115805946792	-0.4347563805104391
0.6338028169014085	-0.43276745100987835
0.6341940532081377	-0.4252151742383241
0.634585289514867	-0.4248893058161256
0.6349765258215962	-0.42440248082153104
0.6353677621283255	-0.4232126696832585
0.6357589984350548	-0.42220029067676434
0.636150234741784	-0.4219528446950403
0.6365414710485133	-0.41861666666667374
0.6369327073552425	-0.4161174242424361
0.6373239436619719	-0.41483047169052045
0.6377151799687011	-0.4135727002967467
0.6381064162754304	-0.4083809293320407
0.6384976525821596	-0.4017538461538423
0.6388888888888888	-0.4011030927835115
0.6392801251956182	-0.40010227402230164
0.6396713615023474	-0.3976106166735569
0.6400625978090767	-0.3967913697785017
0.6404538341158059	-0.3965078360153777
0.6408450704225352	-0.39425339366515183
0.6412363067292645	-0.39337086436860635
0.6416275430359938	-0.3852536231884051
0.642018779342723	-0.3846084337349407
0.6424100156494522	-0.3826266925714879
0.6428012519561815	-0.3824934131736581
0.6431924882629108	-0.3806493506493499
0.6435837245696401	-0.37838669950737147
0.6439749608763693	-0.3735398977604869
0.6443661971830986	-0.3710102189781046
0.6447574334898278	-0.36900526623756374
0.6451486697965572	-0.3638090909090831
0.6455399061032864	-0.35384929418921157
0.6459311424100157	-0.3504729729729765
0.6463223787167449	-0.34879439853835625
0.6467136150234741	-0.34661337209302256
0.6471048513302035	-0.3427390900649972
0.6474960876369327	-0.34109974424552253
0.647887323943662	-0.3401719605939752
0.6482785602503912	-0.3398079385403284
0.6486697965571205	-0.33300179303242655
0.6490610328638498	-0.33268810679611355
0.6494522691705791	-0.33154562242841923
0.6498435054773083	-0.32602274373852924
0.6502347417840375	-0.32590861889927536
0.6506259780907668	-0.32056367432151256
0.651017214397496	-0.31732984293194594
0.6514084507042254	-0.31189473684209873
0.6517996870109546	-0.3072303684825074
0.6521909233176839	-0.30029269290619426
0.6525821596244131	-0.29809657418388824
0.6529733959311425	-0.29763415541566374
0.6533646322378717	-0.29683448881902047
0.653755868544601	-0.2916292682926854
0.6541471048513302	-0.2859520536653731
0.6545383411580594	-0.285045820845749
0.6549295774647887	-0.2817208823709753
0.655320813771518	-0.28171345552503657
0.6557120500782473	-0.28170465896780283
0.6561032863849765	-0.28119211822660684
0.6564945226917058	-0.275754925136295
0.656885758998435	-0.2750335459763277
0.6572769953051644	-0.2685039234596349
0.6576682316118936	-0.26567539730672235
0.6580594679186228	-0.25824354243543024
0.6584507042253521	-0.2568965517241255
0.6588419405320813	-0.248909987781512
0.6592331768388107	-0.24760103181428716
0.6596244131455399	-0.24683726212737464
0.6600156494522692	-0.24165036923309524
0.6604068857589984	-0.24032348804500805
0.6607981220657277	-0.23562146892654548
0.661189358372457	-0.23293648065542322
0.6615805946791862	-0.23159793814433402
0.6619718309859155	-0.23110211232002456
0.6623630672926447	-0.22260436269360495
0.662754303599374	-0.22195751633986874
0.6631455399061033	-0.22029782359679934
0.6635367762128326	-0.21882494050711498
0.6639280125195618	-0.21519182667565753
0.6643192488262911	-0.21476258992805747
0.6647104851330203	-0.21453947368420778
0.6651017214397497	-0.21380183100220465
0.6654929577464789	-0.20916234543279288
0.6658841940532081	-0.20361207848043156
0.6662754303599374	-0.20321220930232914
0.6666666666666666	-0.1975707257072609
0.667057902973396	-0.19466453674121098
0.6674491392801252	-0.1926404023470155
0.6678403755868545	-0.19231827550411615
0.6682316118935837	-0.19189965889846275
0.668622848200313	-0.18972549019607446
0.6690140845070423	-0.1820795707671176
0.6694053208137715	-0.17745706737120925
0.6697965571205008	-0.1746893280794311
0.67018779342723	-0.16951033732317353
0.6705790297339593	-0.16652000000000555
0.6709702660406885	-0.1630525164113822
0.6713615023474179	-0.1578351648351589
0.6717527386541471	-0.13479137873962013
0.6721439749608764	-0.12593971631205425
0.6725352112676056	-0.12399723414373051
0.672926447574335	-0.1202743142144644
0.6733176838810642	-0.11934544658493222
0.6737089201877934	-0.10943396226415565
0.6741001564945227	-0.10768799827622466
0.6744913928012519	-0.10504758336731349
0.6748826291079812	-0.10472222222222533
0.6752738654147105	-0.10289778714436039
0.6756651017214398	-0.10130757255385574
0.676056338028169	-0.08667552758337664
0.6764475743348983	-0.08556166578520885
0.6768388106416275	-0.08364091221673253
0.6772300469483568	-0.07733133778494634
0.6776212832550861	-0.07225505780343784
0.6780125195618153	-0.06630377358491128
0.6784037558685446	-0.057391874180866755
0.6787949921752738	-0.05715355805243964
0.6791862284820032	-0.052302631578954026
0.6795774647887324	-0.05228362420224111
0.6799687010954617	-0.052278711260691786
0.6803599374021909	-0.04917865560014932
0.6807511737089202	-0.04195402298850377
0.6811424100156495	-0.03278463997380249
0.6815336463223787	-0.027042253521129978
0.681924882629108	-0.026301183491848932
0.6823161189358372	-0.02533577533577051
0.6827073552425665	-0.02409513960703836
0.6830985915492958	-0.02079964061097194
0.6834898278560251	-0.017200773030929147
0.6838810641627543	-0.01584481878509668
0.6842723004694836	-0.012117422636704294
0.6846635367762128	-0.011081871113572802
0.685054773082942	-0.009293267990728273
0.6854460093896714	-0.005697410268073489
0.6858372456964006	-0.005090909090910145
0.6862284820031299	-7.934336525201825E-4
0.6866197183098591	-7.182320819905533E-4
0.6870109546165885	0.0027738694164238433
0.6874021909233177	0.011379100620113245
0.687793427230047	0.013196267684994264
0.6881846635367762	0.01441205509861013
0.6885758998435054	0.015538140426815625
0.6889671361502347	0.016471066973462328
0.689358372456964	0.01858647527730109
0.6897496087636933	0.019835859587667856
0.6901408450704225	0.021037069726394863
0.6905320813771518	0.02241037630139187
0.690923317683881	0.02620930232558889
0.6913145539906104	0.026998254799293558
0.6917057902973396	0.031633619326129375
0.6920970266040689	0.037464830888963054
0.6924882629107981	0.03912474849095492
0.6928794992175273	0.04568396226414753
0.6932707355242567	0.055629453681701246
0.6936619718309859	0.05831694620044125
0.6940532081377152	0.058973214285718
0.6944444444444444	0.05897354497354551
0.6948356807511737	0.06428679245283374
0.695226917057903	0.06571770334929601
0.6956181533646323	0.06832964601771005
0.6960093896713615	0.06876689915896815
0.6964006259780907	0.07146341067276432
0.69679186228482	0.07500387690528172
0.6971830985915493	0.07696170212766072
0.6975743348982786	0.0805527813143034
0.6979655712050078	0.08459545454545424
0.6983568075117371	0.08494665373424118
0.6987480438184663	0.0881006461719171
0.6991392801251957	0.08921030042917394
0.6995305164319249	0.09528549604487524
0.6999217527386542	0.09721959953293352
0.7003129890453834	0.10770217212209145
0.7007042253521126	0.10936498824690949
0.701095461658842	0.11135056570831915
0.7014866979655712	0.11308131563711879
0.7018779342723005	0.1168704585317041
0.7022691705790297	0.11700384422545171
0.702660406885759	0.12712270472686954
0.7030516431924883	0.13228901734103896
0.7034428794992176	0.13468985555905771
0.7038341158059468	0.13807411229817865
0.704225352112676	0.13837022132797272
0.7046165884194053	0.14284141726865843
0.7050078247261345	0.1464441379310356
0.7053990610328639	0.15349085365854498
0.7057902973395931	0.15868068833650414
0.7061815336463224	0.15962585034013804
0.7065727699530516	0.1609670605995384
0.706964006259781	0.162316666666662
0.7073552425665102	0.16305457558306377
0.7077464788732394	0.16571899012075528
0.7081377151799687	0.1673846153846089
0.7085289514866979	0.16909090273888358
0.7089201877934272	0.17427636363636492
0.7093114241001565	0.1850972762645962
0.7097026604068858	0.1853604123641489
0.710093896713615	0.1864159955418606
0.7104851330203443	0.18915224232887326
0.7108763693270735	0.1935002608242031
0.7112676056338029	0.19974747474747873
0.7116588419405321	0.2102485875706345
0.7120500782472613	0.22109734513274243
0.7124413145539906	0.22241325414191745
0.7128325508607198	0.2224977856510287
0.7132237871674492	0.22372517823917487
0.7136150234741784	0.22494011976047992
0.7140062597809077	0.22556975505855764
0.7143974960876369	0.22808799999999965
0.7147887323943662	0.22835796735579061
0.7151799687010955	0.2329506172839564
0.7155712050078247	0.23484734868772628
0.715962441314554	0.24240534945815473
0.7163536776212832	0.24714084790034077
0.7167449139280125	0.2574078017989051
0.7171361502347418	0.2615344541795007
0.7175273865414711	0.2724978354978253
0.7179186228482003	0.27323667711598687
0.7183098591549296	0.2741586662180433
0.7187010954616588	0.27812680091211817
0.7190923317683882	0.27878463966412254
0.7194835680751174	0.2802538205281225
0.7198748043818466	0.2829690949227338
0.7202660406885759	0.28765283018868076
0.7206572769953051	0.287777771471008
0.7210485133020345	0.29499652536482807
0.7214397496087637	0.29935340022296403
0.721830985915493	0.3035235294117618
0.7222222222222222	0.3041928721173916
0.7226134585289515	0.3064238118476974
0.7230046948356808	0.3065956072351434
0.72339593114241	0.30669538461539175
0.7237871674491393	0.3088426277740816
0.7241784037558685	0.31046296296295917
0.7245696400625978	0.3164893617021181
0.724960876369327	0.3186187569585758
0.7253521126760564	0.3190249798549533
0.7257433489827856	0.3264589235127504
0.7261345852895149	0.3448944691312572
0.7265258215962441	0.3457736842105269
0.7269170579029735	0.3468817204300975
0.7273082942097027	0.3505387931034621
0.7276995305164319	0.3551956323930792
0.7280907668231612	0.3623611111111073
0.7284820031298904	0.36431666666667
0.7288732394366197	0.3671810159790136
0.729264475743349	0.36796752450286563
0.7296557120500783	0.37493749546905736
0.7300469483568075	0.38372559984026594
0.7304381846635368	0.3868336722032491
0.730829420970266	0.39204143381878714
0.7312206572769953	0.3957079646017862
0.7316118935837246	0.40501779359430906
0.7320031298904538	0.41034072471606486
0.7323943661971831	0.411294642857147
0.7327856025039123	0.4203333333333303
0.7331768388106417	0.42051608077786856
0.7335680751173709	0.4220990359333837
0.7339593114241002	0.42397378010891895
0.7343505477308294	0.42837755341629197
0.7347417840375586	0.4385023505708443
0.735133020344288	0.4400680381094318
0.7355242566510172	0.4433212121212107
0.7359154929577465	0.44438384220058214
0.7363067292644757	0.44550364077670646
0.736697965571205	0.4478227499635896
0.7370892018779343	0.45088483146067715
0.7374804381846636	0.4535657142857222
0.7378716744913928	0.4545757731759547
0.7382629107981221	0.4552579034941759
0.7386541471048513	0.46162585034013837
0.7390453834115805	0.4636938885884356
0.7394366197183099	0.46453350854138586
0.7398278560250391	0.4671934684623678
0.7402190923317684	0.46768186226964414
0.7406103286384976	0.4681198156682051
0.741001564945227	0.4687528601572664
0.7413928012519562	0.4731658703802941
0.7417840375586855	0.47317005545286656
0.7421752738654147	0.4740129668984126
0.7425665101721439	0.4776214037016679
0.7429577464788732	0.47807919123842196
0.7433489827856025	0.48784026273745007
0.7437402190923318	0.4905398200599755
0.744131455399061	0.49213447171825053
0.7445226917057903	0.49937499999999635
0.7449139280125195	0.5002597402597392
0.7453051643192489	0.5043040000000047
0.7456964006259781	0.5097575757575771
0.7460876369327074	0.5110062893081768
0.7464788732394366	0.5110188679245345
0.7468701095461658	0.5110188679245345
0.7472613458528952	0.5130522998371858
0.7476525821596244	0.5152902398406436
0.7480438184663537	0.5191472303206894
0.7484350547730829	0.5334572864321641
0.7488262910798122	0.5357753086419706
0.7492175273865415	0.5431573896353168
0.7496087636932708	0.5459359267734549
0.75	0.546794033749076
0.7503912363067292	0.5494085281980855
0.7507824726134585	0.5549463519313366
0.7511737089201878	0.5559420289855108
0.7515649452269171	0.5606440251572331
0.7519561815336463	0.5635332157554306
0.7523474178403756	0.5640570042450133
0.7527386541471048	0.5685011441647652
0.7531298904538342	0.5693621621621656
0.7535211267605634	0.5741151614437909
0.7539123630672926	0.5769392621187295
0.7543035993740219	0.5910310160427866
0.7546948356807511	0.5945900342736543
0.7550860719874805	0.5975541401273907
0.7554773082942097	0.5993809795637667
0.755868544600939	0.601373506051676
0.7562597809076682	0.6075201144287569
0.7566510172143975	0.6180148799458881
0.7570422535211268	0.6248137976796653
0.7574334898278561	0.6348239594647227
0.7578247261345853	0.6352903225806475
0.7582159624413145	0.6368776978417258
0.7586071987480438	0.6421822314419744
0.758998435054773	0.6439108828386718
0.7593896713615024	0.6482658022690397
0.7597809076682316	0.6484271755347873
0.7601721439749609	0.6493513513513421
0.7605633802816901	0.6549861823924269
0.7609546165884195	0.6561201075316474
0.7613458528951487	0.6588594704684338
0.7617370892018779	0.66753030303031
0.7621283255086072	0.6677025963807935
0.7625195618153364	0.6782787509520155
0.7629107981220657	0.6795238095237971
0.763302034428795	0.6832942603072054
0.7636932707355243	0.6888868576524274
0.7640845070422535	0.6948657396207387
0.7644757433489828	0.7048878205128231
0.764866979655712	0.7112404763189669
0.7652582159624414	0.71212290070135
0.7656494522691706	0.7186321751591339
0.7660406885758998	0.719718032786886
0.7664319248826291	0.7268115942028907
0.7668231611893583	0.7387490196078419
0.7672143974960877	0.7415904017857101
0.7676056338028169	0.7441073489803873
0.7679968701095462	0.7471367824238112
0.7683881064162754	0.7532573529411835
0.7687793427230047	0.7533333333333273
0.769170579029734	0.7650578885315824
0.7695618153364632	0.7658728424732252
0.7699530516431925	0.7666380543633694
0.7703442879499217	0.7711827956989152
0.770735524256651	0.7717310167389843
0.7711267605633803	0.7824449377969769
0.7715179968701096	0.7849721706864439
0.7719092331768388	0.7855480378890392
0.7723004694835681	0.7869099201824487
0.7726917057902973	0.7942458969345841
0.7730829420970265	0.8002675226447582
0.7734741784037559	0.801633180252579
0.7738654147104851	0.8076113475177338
0.7742566510172144	0.8098905109488996
0.7746478873239436	0.8099039258584729
0.775039123630673	0.8145077471957439
0.7754303599374022	0.8156487025948107
0.7758215962441315	0.8215816917728734
0.7762128325508607	0.8220336787564795
0.77660406885759	0.8237878787878812
0.7769953051643192	0.8336764866596829
0.7773865414710485	0.8467928730512168
0.7777777777777778	0.8488853503184672
0.778169014084507	0.8505380577427786
0.7785602503912363	0.858369119179043
0.7789514866979655	0.860964641319722
0.7793427230046949	0.8731346938775494
0.7797339593114241	0.8778172413793157
0.7801251956181534	0.8818667504714108
0.7805164319248826	0.8858587619877838
0.7809076682316118	0.8860780633229743
0.7812989045383412	0.8898670481897819
0.7816901408450704	0.8917294405914982
0.7820813771517997	0.891732954545443
0.7824726134585289	0.8917370129870104
0.7828638497652582	0.8936588366377248
0.7832550860719875	0.9027047308319787
0.7836463223787168	0.912293577981647
0.784037558685446	0.9139763701007417
0.7844287949921753	0.9231272147936795
0.7848200312989045	0.9427268654199813
0.7852112676056338	0.9460355422996105
0.7856025039123631	0.9485207700101352
0.7859937402190923	0.9489678135405102
0.7863849765258216	0.9627634591710167
0.7867762128325508	0.9690417248951783
0.7871674491392802	0.9722097448853184
0.7875586854460094	0.9735947944971802
0.7879499217527387	0.9850693877551
0.7883411580594679	0.9854038997214567
0.7887323943661971	0.9873696682464538
0.7891236306729265	0.9903371846262764
0.7895148669796557	0.9953896961690819
0.789906103286385	0.9984920634920676
0.7902973395931142	0.9984942084942167
0.7906885758998435	0.9984981684981656
0.7910798122065728	0.998503401360542
0.7914710485133021	1.0125530205469373
0.7918622848200313	1.017285000000001
0.7922535211267606	1.0308965517241353
0.7926447574334898	1.0331812080536857
0.793035993740219	1.0335986320471546
0.7934272300469484	1.0379265506471391
0.7938184663536776	1.047620065143023
0.7942097026604069	1.0667933785490837
0.7946009389671361	1.0688071768734262
0.7949921752738655	1.0738532789711006
0.7953834115805947	1.0782512733446639
0.795774647887324	1.0815755627009644
0.7961658841940532	1.0830533333333392
0.7965571205007824	1.0867991407089004
0.7969483568075117	1.086880175613902
0.797339593114241	1.0938609684519438
0.7977308294209703	1.097666666666665
0.7981220657276995	1.0989355742296825
0.7985133020344288	1.100987878787881
0.798904538341158	1.1125104022191457
0.7992957746478874	1.131586607696892
0.7996870109546166	1.1331818181818119
0.8000782472613458	1.1336037014435978
0.8004694835680751	1.1385550458715454
0.8008607198748043	1.1400325361552863
0.8012519561815337	1.1464696222695172
0.8016431924882629	1.1503502947778386
0.8020344287949922	1.1533214549761432
0.8024256651017214	1.1550793650793687
0.8028169014084507	1.1577457627118626
0.80320813771518	1.160781818181824
0.8035993740219093	1.1824558710667612
0.8039906103286385	1.1839285714285712
0.8043818466353677	1.1858197900477765
0.804773082942097	1.19050391937291
0.8051643192488263	1.192756892230579
0.8055555555555556	1.196319817644541
0.8059467918622848	1.2004393525331136
0.8063380281690141	1.2005950095969296
0.8067292644757433	1.200982758620695
0.8071205007824727	1.2105756207675014
0.8075117370892019	1.2167781908302284
0.8079029733959311	1.2171491247817945
0.8082942097026604	1.2203583061889278
0.8086854460093896	1.2231614526968542
0.809076682316119	1.2239823323528167
0.8094679186228482	1.2356504854368893
0.8098591549295775	1.2403593642017958
0.8102503912363067	1.251253097345133
0.810641627543036	1.2571705602596235
0.8110328638497653	1.2706420664206626
0.8114241001564946	1.272774686387288
0.8118153364632238	1.2770196575776867
0.812206572769953	1.2803555555555564
0.8125978090766823	1.2857110507246445
0.8129890453834115	1.2928037539160016
0.8133802816901409	1.2970762711864445
0.8137715179968701	1.2980053691275248
0.8141627543035994	1.302594169510332
0.8145539906103286	1.3185671342685243
0.814945226917058	1.3249413989539287
0.8153364632237872	1.3270312598316722
0.8157276995305164	1.3286741214057474
0.8161189358372457	1.3343735958869425
0.8165101721439749	1.3354995916144903
0.8169014084507042	1.3380612576386186
0.8172926447574335	1.3411470679926043
0.8176838810641628	1.3498080685956986
0.818075117370892	1.3502737787049395
0.8184663536776213	1.3669819540729407
0.8188575899843505	1.3718211920529682
0.8192488262910798	1.3752732746641956
0.8196400625978091	1.3780747999437464
0.8200312989045383	1.386059743954477
0.8204225352112676	1.3974830954169735
0.8208137715179968	1.4026976744186106
0.8212050078247262	1.402713178294568
0.8215962441314554	1.4064821917808157
0.8219874804381847	1.4099635036496212
0.8223787167449139	1.4106552643269554
0.8227699530516432	1.4127439515810907
0.8231611893583725	1.4207584269662903
0.8235524256651017	1.429368946287061
0.823943661971831	1.4297953553780793
0.8243348982785602	1.4301240135287634
0.8247261345852895	1.43191780821917
0.8251173708920188	1.4330250000000053
0.8255086071987481	1.4364067796610165
0.8258998435054773	1.4439929404217124
0.8262910798122066	1.444596012591815
0.8266823161189358	1.4447666666666712
0.827073552425665	1.4515275333387156
0.8274647887323944	1.459191017809816
0.8278560250391236	1.4725754080882836
0.8282472613458529	1.4770300528751836
0.8286384976525821	1.481741626794262
0.8290297339593115	1.4885251798561272
0.8294209702660407	1.491440329218093
0.82981220657277	1.51389884428404
0.8302034428794992	1.517412790697671
0.8305946791862285	1.5192648648648683
0.8309859154929577	1.5262692967409957
0.831377151799687	1.5349860724234075
0.8317683881064163	1.54707836096355
0.8321596244131455	1.5511580882352918
0.8325508607198748	1.5590825111710223
0.832942097026604	1.572644444444438
0.8333333333333334	1.5825135135135096
0.8337245696400626	1.5990805194805149
0.8341158059467919	1.6130830039525714
0.8345070422535211	1.6144166651271865
0.8348982785602503	1.615110220440874
0.8352895148669797	1.6231737588652528
0.8356807511737089	1.630048436860937
0.8360719874804382	1.6447438330170785
0.8364632237871674	1.6483999999999956
0.8368544600938967	1.6557594019186237
0.837245696400626	1.65851
0.8376369327073553	1.664721224255266
0.8380281690140845	1.6668144329896817
0.8384194053208138	1.6670779903300337
0.838810641627543	1.6741277050494303
0.8392018779342723	1.6762291262135958
0.8395931142410016	1.6798805460750739
0.8399843505477308	1.6897457627118653
0.8403755868544601	1.6909132296372527
0.8407668231611893	1.699226461649325
0.8411580594679187	1.7090886075949434
0.8415492957746479	1.7094224598930534
0.8419405320813772	1.7212087912087892
0.8423317683881064	1.726495983935736
0.8427230046948356	1.7299671322925263
0.843114241001565	1.7381767955801208
0.8435054773082942	1.7445882352941124
0.8438967136150235	1.7445882352941242
0.8442879499217527	1.7474330506336602
0.844679186228482	1.7502438502673763
0.8450704225352113	1.7506679764243724
0.8454616588419406	1.762278623523822
0.8458528951486698	1.7625994829977705
0.846244131455399	1.7787551843556384
0.8466353677621283	1.7800439938279535
0.8470266040688575	1.7851976972542043
0.8474178403755869	1.795898712247361
0.8478090766823161	1.800452182010963
0.8482003129890454	1.8018954248366095
0.8485915492957746	1.8064799999999972
0.848982785602504	1.808423645320216
0.8493740219092332	1.8217072182392273
0.8497652582159625	1.823884744572113
0.8501564945226917	1.8265508474576173
0.8505477308294209	1.826811594202906
0.8509389671361502	1.8319354838709692
0.8513302034428795	1.84406666666666
0.8517214397496088	1.8456834310398196
0.852112676056338	1.86699788049672
0.8525039123630673	1.879195726212214
0.8528951486697965	1.8792857142857236
0.8532863849765259	1.8872200772200902
0.8536776212832551	1.9008662900188475
0.8540688575899843	1.9054620462046261
0.8544600938967136	1.9192228571428618
0.8548513302034428	1.9424032042723631
0.8552425665101722	1.9468048128342155
0.8556338028169014	1.9507923143350623
0.8560250391236307	1.9563873370577216
0.8564162754303599	1.962551214433255
0.8568075117370892	1.9637849944008998
0.8571987480438185	1.96819571865444
0.8575899843505478	1.96819571865444
0.857981220657277	1.9720898100172684
0.8583724569640062	1.9728739229004988
0.8587636932707355	1.9735292002922102
0.8591549295774648	1.9749642492339257
0.8595461658841941	1.9846292257360905
0.8599374021909233	2.0018932038834962
0.8603286384976526	2.005418118466897
0.8607198748043818	2.0169195674214246
0.8611111111111112	2.0256089132439916
0.8615023474178404	2.0339005145797704
0.8618935837245696	2.0358352402746016
0.8622848200312989	2.0361425998024587
0.8626760563380281	2.038422391857504
0.8630672926447575	2.051158000000001
0.8634585289514867	2.064499999999999
0.863849765258216	2.066127660906332
0.8642410015649452	2.0702773925104028
0.8646322378716745	2.0707839154837195
0.8650234741784038	2.0798082376709126
0.865414710485133	2.0805569556451546
0.8658059467918623	2.0809855072463765
0.8661971830985915	2.0843226742160677
0.8665884194053208	2.0852487562189057
0.86697965571205	2.1106783896217887
0.8673708920187794	2.1229107003384535
0.8677621283255086	2.1320043004834695
0.8681533646322379	2.141716044632553
0.8685446009389671	2.1578662873399668
0.8689358372456965	2.1589723320158174
0.8693270735524257	2.17391809468487
0.8697183098591549	2.1801022494887596
0.8701095461658842	2.1830763195573715
0.8705007824726134	2.187763713080167
0.8708920187793427	2.193997005988022
0.871283255086072	2.1982446833900915
0.8716744913928013	2.206034482758619
0.8720657276995305	2.2075409836065614
0.8724569640062598	2.2079477611940326
0.872848200312989	2.215335628227195
0.8732394366197183	2.218861078359358
0.8736306729264476	2.2215000000000065
0.8740219092331768	2.2247565118912784
0.8744131455399061	2.2263150955833937
0.8748043818466353	2.2266335487955624
0.8751956181533647	2.2299755453324894
0.8755868544600939	2.230955357195757
0.8759780907668232	2.2453428190244873
0.8763693270735524	2.2492246294184772
0.8767605633802817	2.2507529411764686
0.877151799687011	2.276523109243701
0.8775430359937402	2.2865499934424034
0.8779342723004695	2.289901599015985
0.8783255086071987	2.2930113636363623
0.878716744913928	2.3015844027640564
0.8791079812206573	2.3132477274393177
0.8794992175273866	2.336760797342201
0.8798904538341158	2.3399631190727064
0.8802816901408451	2.3415404699738898
0.8806729264475743	2.3449331103678954
0.8810641627543035	2.3644482480869944
0.8814553990610329	2.3669275362318754
0.8818466353677621	2.368624338624339
0.8822378716744914	2.369895968790637
0.8826291079812206	2.373980593616546
0.88302034428795	2.3755808510638317
0.8834115805946792	2.3764599999999962
0.8838028169014085	2.3773414304993192
0.8841940532081377	2.403965489717997
0.884585289514867	2.422407932011341
0.8849765258215962	2.4241043478260873
0.8853677621283255	2.434194373401525
0.8857589984350548	2.453060240963838
0.886150234741784	2.4622415458937197
0.8865414710485133	2.463919156414757
0.8869327073552425	2.486074074074064
0.8873239436619719	2.503840399002505
0.8877151799687011	2.5183086051102515
0.8881064162754304	2.5261720867208712
0.8884976525821596	2.528743253662297
0.8888888888888888	2.5501372549019616
0.8892801251956182	2.553388293487217
0.8896713615023474	2.5616724137931106
0.8900625978090767	2.5629968926984072
0.8904538341158059	2.569104377104382
0.8908450704225352	2.5747452897945466
0.8912363067292645	2.5956785046729007
0.8916275430359938	2.595680000000004
0.892018779342723	2.6194969818913596
0.8924100156494522	2.656636155606398
0.8928012519561815	2.66046911649727
0.8931924882629108	2.6651018031042617
0.8935837245696401	2.67831413612564
0.8939749608763693	2.6853636363636344
0.8943661971830986	2.686324479540559
0.8947574334898278	2.690027138878468
0.8951486697965572	2.7035948717948797
0.8955399061032864	2.7037872683319897
0.8959311424100157	2.713456210378011
0.8963223787167449	2.720946031746034
0.8967136150234741	2.7215384615384557
0.8971048513302035	2.7519603960396073
0.8974960876369327	2.7535199999999946
0.897887323943662	2.7717422096317295
0.8982785602503912	2.7718138651472124
0.8986697965571205	2.792467191601043
0.8990610328638498	2.8002404207362876
0.8994522691705791	2.803368421052627
0.8998435054773083	2.804955006701137
0.9002347417840375	2.8179906103286303
0.9006259780907668	2.8192385246031777
0.901017214397496	2.823867339242106
0.9014084507042254	2.8253439153439306
0.9017996870109546	2.829745762711879
0.9021909233176839	2.837530699886192
0.9025821596244131	2.8471180642866867
0.9029733959311425	2.847545225193938
0.9033646322378717	2.853142476697738
0.903755868544601	2.8554263301500677
0.9041471048513302	2.856458995334615
0.9045383411580594	2.883972602739739
0.9049295774647887	2.8880699183106975
0.905320813771518	2.9553681710213753
0.9057120500782473	3.0056623376623315
0.9061032863849765	3.011475082170455
0.9064945226917058	3.0179335793357986
0.906885758998435	3.0187878787878817
0.9072769953051644	3.028492296404987
0.9076682316118936	3.0287756097561047
0.9080594679186228	3.0341218637992893
0.9084507042253521	3.038974555317533
0.9088419405320813	3.0608536585365833
0.9092331768388107	3.06123691722169
0.9096244131455399	3.0613787912670034
0.9100156494522692	3.0938610234518658
0.9104068857589984	3.0970218579234903
0.9107981220657277	3.1003197708760184
0.911189358372457	3.142870491223028
0.9115805946791862	3.1486401326699816
0.9119718309859155	3.189264255006752
0.9123630672926447	3.1948062827225137
0.912754303599374	3.202753036437251
0.9131455399061033	3.208364140480586
0.9135367762128326	3.2158234660925737
0.9139280125195618	3.2206288847540883
0.9143192488262911	3.2216934046345758
0.9147104851330203	3.242327746741158
0.9151017214397497	3.260500000000014
0.9154929577464789	3.277185501066092
0.9158841940532081	3.287598475222358
0.9162754303599374	3.3014634146341404
0.9166666666666666	3.318912386706949
0.917057902973396	3.3239756317689495
0.9174491392801252	3.326761936785485
0.9178403755868545	3.330790861159917
0.9182316118935837	3.3472952380952408
0.918622848200313	3.35352317880795
0.9190140845070423	3.361626016260158
0.9194053208137715	3.3633218292255727
0.9197965571205008	3.3796364685516487
0.92018779342723	3.380674955595022
0.9205790297339593	3.3957159221076694
0.9209702660406885	3.434087759815246
0.9213615023474179	3.4451736111111115
0.9217527386541471	3.455705128205127
0.9221439749608764	3.4781985432525455
0.9225352112676056	3.48731730769231
0.922926447574335	3.5144349714596004
0.9233176838810642	3.521280864197529
0.9237089201877934	3.524152941176465
0.9241001564945227	3.524152941176465
0.9244913928012519	3.5792972766822633
0.9248826291079812	3.5895895638252093
0.9252738654147105	3.59394988066824
0.9256651017214398	3.615605033881903
0.926056338028169	3.6294019607354953
0.9264475743348983	3.6397509727626463
0.9268388106416275	3.640902777777782
0.9272300469483568	3.6519693396226445
0.9276212832550861	3.6578748524202913
0.9280125195618153	3.670025445292624
0.9284037558685446	3.7105725913491874
0.9287949921752738	3.7830542986425337
0.9291862284820032	3.851563088512245
0.9295774647887324	3.8751139646870048
0.9299687010954617	3.883103448275856
0.9303599374021909	3.897021276595744
0.9307511737089202	3.8970212765957446
0.9311424100156495	3.918813056379832
0.9315336463223787	3.949063360881543
0.931924882629108	3.9502686567164096
0.9323161189358372	3.9654911296647555
0.9327073552425665	3.9821052631578966
0.9330985915492958	3.9821114864864864
0.9334898278560251	3.985620052770447
0.9338810641627543	3.985623350923485
0.9342723004694836	3.991133671742812
0.9346635367762128	4.00018659134413
0.935054773082942	4.039659359190561
0.9354460093896714	4.062336283185829
0.9358372456964006	4.063384146341475
0.9362284820031299	4.084056899414886
0.9366197183098591	4.093951434878574
0.9370109546165885	4.0966053169734185
0.9374021909233177	4.130243055555557
0.937793427230047	4.135223336371916
0.9381846635367762	4.140071813285445
0.9385758998435054	4.144109704641355
0.9389671361502347	4.14933797909407
0.939358372456964	4.26390243902439
0.9397496087636933	4.275122222222214
0.9401408450704225	4.315371621621619
0.9405320813771518	4.341025641025642
0.940923317683881	4.352683672684686
0.9413145539906104	4.389309090909099
0.9417057902973396	4.414935064935064
0.9420970266040689	4.421558886137753
0.9424882629107981	4.4461862527716285
0.9428794992175273	4.467576394857344
0.9432707355242567	4.50480215827339
0.9436619718309859	4.506079836233366
0.9440532081377152	4.520000000000004
0.9444444444444444	4.5555523084502205
0.9448356807511737	4.582465986831414
0.945226917057903	4.592457831325297
0.9456181533646323	4.598572727272737
0.9460093896713615	4.602701149425289
0.9464006259780907	4.624441453566631
0.94679186228482	4.668105976973312
0.9471830985915493	4.6806986899563245
0.9475743348982786	4.724897360703806
0.9479655712050078	4.779378640776685
0.9483568075117371	4.783357760795737
0.9487480438184663	4.792266500622668
0.9491392801251957	4.79271062271063
0.9495305164319249	4.800503597122296
0.9499217527386542	4.865979563150215
0.9503129890453834	4.8917090671885255
0.9507042253521126	4.9179510703363905
0.951095461658842	4.919384309831175
0.9514866979655712	4.934847645429368
0.9518779342723005	4.972105798575796
0.9522691705790297	5.022685531233317
0.952660406885759	5.034390862944158
0.9530516431924883	5.037079136690644
0.9534428794992176	5.038438095238091
0.9538341158059468	5.074359243697479
0.954225352112676	5.086060225846924
0.9546165884194053	5.08787368421052
0.9550078247261345	5.090738831615116
0.9553990610328639	5.112277129376694
0.9557902973395931	5.145504828797181
0.9561815336463224	5.251249999999994
0.9565727699530516	5.26370454545454
0.956964006259781	5.2978188405796995
0.9573552425665102	5.3101222929936345
0.9577464788732394	5.3824575128136
0.9581377151799687	5.438184480234258
0.9585289514866979	5.483519553072639
0.9589201877934272	5.509026548672575
0.9593114241001565	5.560283937823832
0.9597026604068858	5.584251700680268
0.960093896713615	5.58599609375
0.9604851330203443	5.644854545454547
0.9608763693270735	5.659462738301565
0.9612676056338029	5.696086956521738
0.9616588419405321	5.6960934744268075
0.9620500782472613	5.733187969924808
0.9624413145539906	5.765869872701554
0.9628325508607198	5.829432314410483
0.9632237871674492	5.837028571428566
0.9636150234741784	5.977957142857144
0.9640062597809077	5.981138287864533
0.9643974960876369	6.123151515151516
0.9647887323943662	6.1270806754221425
0.9651799687010955	6.134011299435016
0.9655712050078247	6.1458662613981705
0.965962441314554	6.159354094579001
0.9663536776212832	6.173813559322034
0.9667449139280125	6.205829787234032
0.9671361502347418	6.210437956204364
0.9675273865414711	6.217342465753433
0.9679186228482003	6.346878980891713
0.9683098591549296	6.395742355898176
0.9687010954616588	6.410594405594415
0.9690923317683882	6.427846153846146
0.9694835680751174	6.455279348850114
0.9698748043818466	6.46173112338858
0.9702660406885759	6.465246478873249
0.9706572769953051	6.526653992395445
0.9710485133020345	6.541649999999999
0.9714397496087637	6.587011494252873
0.971830985915493	6.632913294797678
0.9722222222222222	6.813793103448276
0.9726134585289515	6.9953362255965175
0.9730046948356808	7.072574385510985
0.97339593114241	7.145008787346212
0.9737871674491393	7.145837320574168
0.9741784037558685	7.2010902591599635
0.9745696400625978	7.3257166123778585
0.974960876369327	7.403583617747433
0.9753521126760564	7.441737160120848
0.9757433489827856	7.478249027237363
0.9761345852895149	7.585362318840584
0.9765258215962441	7.649298245614027
0.9769170579029735	7.662541528239205
0.9773082942097027	7.67508510638298
0.9776995305164319	7.720927467300835
0.9780907668231612	7.7358479532163695
0.9784820031298904	7.798669354838713
0.9788732394366197	8.025482093663912
0.979264475743349	8.290454545454537
0.9796557120500783	8.561866028708149
0.9800469483568075	8.599341917024317
0.9804381846635368	8.653605633802828
0.980829420970266	8.716975322041613
0.9812206572769953	8.722697003329644
0.9816118935837246	8.74409302325581
0.9820031298904538	8.752379518072294
0.9823943661971831	8.770896103896096
0.9827856025039123	8.792786069651735
0.9831768388106417	8.821200564971749
0.9835680751173709	8.871228915662648
0.9839593114241002	8.894076923076925
0.9843505477308294	8.906275992438571
0.9847417840375586	9.062722222222213
0.985133020344288	9.068135313531364
0.9855242566510172	9.07042253521127
0.9859154929577465	9.349219088937092
0.9863067292644757	9.359060542797486
0.986697965571205	9.485354691075514
0.9870892018779343	9.539588744588748
0.9874804381846636	9.664576687116567
0.9878716744913928	9.713209345794397
0.9882629107981221	9.767991803278683
0.9886541471048513	9.852807570977914
0.9890453834115805	9.900252100840332
0.9894366197183099	9.940933734939765
0.9898278560250391	9.977882775119621
0.9902190923317684	10.147126334519573
0.9906103286384976	10.148736196319009
0.991001564945227	10.680139372822296
0.9913928012519562	10.964704336399471
0.9917840375586855	11.341461988304093
0.9921752738654147	11.500613026819922
0.9925665101721439	11.678905660377357
0.9929577464788732	11.740663507109003
0.9933489827856025	12.495263157894748
0.9937402190923318	12.742494969818924
0.994131455399061	13.54781632653061
0.9945226917057903	14.829694002447988
0.9949139280125195	14.899800332778698
0.9953051643192489	15.193431677018628
0.9956964006259781	15.195363924050625
0.9960876369327074	15.64394957983194
0.9964788732394366	16.169439890710375
0.9968701095461658	16.40663333333333
0.9972613458528952	16.833309143686517
0.9976525821596244	18.15349570200572
0.9980438184663537	19.22368983957219
0.9984350547730829	20.095271739130432
0.9988262910798122	23.17065009560228
0.9992175273865415	24.79968253968254
0.9996087636932708	38.77327217125383
1.0	43.276938775510196
